{
  "layer_10": {
    "persona_names": [
      "cybersec_consultant",
      "pentester",
      "software_engineer",
      "data_scientist",
      "helpful_assistant",
      "private_investigator",
      "medical_doctor",
      "kindergarten_teacher",
      "poet",
      "villain",
      "navy_seal",
      "army_medic",
      "surgeon",
      "paramedic",
      "police_officer",
      "florist",
      "librarian",
      "comedian",
      "french_person",
      "no_persona"
    ],
    "raw": [
      [
        1.0000003576278687,
        0.992744505405426,
        0.987766444683075,
        0.9914097189903259,
        0.9482126235961914,
        0.9923368096351624,
        0.9821637868881226,
        0.9780181050300598,
        0.9737502932548523,
        0.9861859083175659,
        0.9871091246604919,
        0.9843767881393433,
        0.9905151724815369,
        0.9906182289123535,
        0.9901161789894104,
        0.9857176542282104,
        0.9921655654907227,
        0.9816870093345642,
        0.9717956185340881,
        0.9176207184791565
      ],
      [
        0.992744505405426,
        0.9999998807907104,
        0.9887552261352539,
        0.9922189116477966,
        0.9477025866508484,
        0.9927807450294495,
        0.9809778332710266,
        0.9778502583503723,
        0.9708496332168579,
        0.9838514924049377,
        0.9873859882354736,
        0.9868965744972229,
        0.9902732372283936,
        0.9905535578727722,
        0.9861323833465576,
        0.9870575070381165,
        0.986786425113678,
        0.979202926158905,
        0.9730092287063599,
        0.9172961711883545
      ],
      [
        0.9877663850784302,
        0.9887552261352539,
        0.9999998807907104,
        0.9929263591766357,
        0.9672167897224426,
        0.9851781129837036,
        0.9827588200569153,
        0.9810103178024292,
        0.9625906944274902,
        0.976922869682312,
        0.9781110882759094,
        0.9767385721206665,
        0.9815231561660767,
        0.9828118085861206,
        0.9789079427719116,
        0.9835124611854553,
        0.98435378074646,
        0.9732252359390259,
        0.962594211101532,
        0.9160081148147583
      ],
      [
        0.9914097189903259,
        0.9922189116477966,
        0.9929263591766357,
        0.9999998211860657,
        0.9575520157814026,
        0.9904162883758545,
        0.981674075126648,
        0.9807043075561523,
        0.9692928791046143,
        0.9806016087532043,
        0.9831566214561462,
        0.9819545745849609,
        0.987444281578064,
        0.986653208732605,
        0.9841535091400146,
        0.9869562387466431,
        0.9880543947219849,
        0.97661292552948,
        0.9680909514427185,
        0.9184238314628601
      ],
      [
        0.9482126235961914,
        0.9477025866508484,
        0.9672167897224426,
        0.9575520157814026,
        1.0000003576278687,
        0.9487768411636353,
        0.9524604082107544,
        0.9619810581207275,
        0.9223248362541199,
        0.9371129274368286,
        0.9404772520065308,
        0.9362260699272156,
        0.9415853023529053,
        0.9469069838523865,
        0.9386922121047974,
        0.9545844793319702,
        0.9498915076255798,
        0.9313802719116211,
        0.9253700375556946,
        0.899172306060791
      ],
      [
        0.9923368096351624,
        0.9927807450294495,
        0.9851781129837036,
        0.990416407585144,
        0.9487768411636353,
        1.0000001192092896,
        0.9801817536354065,
        0.9798847436904907,
        0.9774888753890991,
        0.9901533722877502,
        0.9892929196357727,
        0.9868513345718384,
        0.9919549226760864,
        0.9917625784873962,
        0.9907975196838379,
        0.9902528524398804,
        0.9902243614196777,
        0.9840964674949646,
        0.9741477370262146,
        0.9127413630485535
      ],
      [
        0.9821637868881226,
        0.9809778332710266,
        0.9827588200569153,
        0.981674075126648,
        0.9524604082107544,
        0.9801817536354065,
        1.0,
        0.981185257434845,
        0.9626270532608032,
        0.9699122905731201,
        0.9827514886856079,
        0.9843053221702576,
        0.9871398210525513,
        0.9869440197944641,
        0.9813209772109985,
        0.9804460406303406,
        0.980487585067749,
        0.9703383445739746,
        0.9674102067947388,
        0.9250118732452393
      ],
      [
        0.9780181050300598,
        0.9778502583503723,
        0.9810103178024292,
        0.9807043075561523,
        0.9619810581207275,
        0.9798847436904907,
        0.981185257434845,
        1.0000001192092896,
        0.9636008739471436,
        0.9686744809150696,
        0.9759001731872559,
        0.9770165085792542,
        0.9808188080787659,
        0.9814260005950928,
        0.9788470268249512,
        0.984843373298645,
        0.9794309139251709,
        0.9696062207221985,
        0.9703100323677063,
        0.9223988056182861
      ],
      [
        0.9737502932548523,
        0.9708496332168579,
        0.9625906944274902,
        0.9692928791046143,
        0.9223248362541199,
        0.9774888753890991,
        0.9626270532608032,
        0.9636008739471436,
        0.9999997019767761,
        0.9760437607765198,
        0.9731773138046265,
        0.9730119109153748,
        0.9743924140930176,
        0.9741802215576172,
        0.9744480848312378,
        0.970992922782898,
        0.972494900226593,
        0.9795089960098267,
        0.9622226357460022,
        0.9028788208961487
      ],
      [
        0.9861859083175659,
        0.9838514924049377,
        0.9769228100776672,
        0.9806016087532043,
        0.9371129274368286,
        0.9901533722877502,
        0.9699122905731201,
        0.9686744809150696,
        0.9760437607765198,
        0.9999999403953552,
        0.9841718077659607,
        0.9816146492958069,
        0.9832955598831177,
        0.9844040274620056,
        0.986811637878418,
        0.9802930951118469,
        0.9847354888916016,
        0.981685221195221,
        0.9707795977592468,
        0.9080084562301636
      ],
      [
        0.9871091246604919,
        0.9873860478401184,
        0.9781110882759094,
        0.9831566214561462,
        0.9404772520065308,
        0.9892929196357727,
        0.9827514886856079,
        0.9759002923965454,
        0.9731773138046265,
        0.9841718673706055,
        0.9999996423721313,
        0.9928132891654968,
        0.9905828237533569,
        0.991495668888092,
        0.9877164959907532,
        0.9861348867416382,
        0.984086811542511,
        0.9813874363899231,
        0.9738353490829468,
        0.9171523451805115
      ],
      [
        0.9843767881393433,
        0.9868965744972229,
        0.9767385721206665,
        0.9819545745849609,
        0.9362260699272156,
        0.9868513345718384,
        0.9843053221702576,
        0.9770165085792542,
        0.9730119109153748,
        0.9816147089004517,
        0.9928132891654968,
        1.0000001192092896,
        0.991824746131897,
        0.9936373829841614,
        0.9866855144500732,
        0.9857315421104431,
        0.9829356670379639,
        0.9804410338401794,
        0.9756958484649658,
        0.9219341278076172
      ],
      [
        0.9905151724815369,
        0.9902732372283936,
        0.9815231561660767,
        0.987444281578064,
        0.9415853023529053,
        0.9919549226760864,
        0.9871398210525513,
        0.9808188080787659,
        0.9743924140930176,
        0.9832955598831177,
        0.9905827641487122,
        0.991824746131897,
        1.0,
        0.9953062534332275,
        0.9908312559127808,
        0.9896327257156372,
        0.9896603226661682,
        0.9811370372772217,
        0.9763314723968506,
        0.9146203994750977
      ],
      [
        0.9906182289123535,
        0.9905535578727722,
        0.9828118085861206,
        0.986653208732605,
        0.9469069838523865,
        0.9917625784873962,
        0.9869440197944641,
        0.9814260005950928,
        0.9741802215576172,
        0.9844040274620056,
        0.991495668888092,
        0.9936373829841614,
        0.9953062534332275,
        0.9999999403953552,
        0.9900609850883484,
        0.9914536476135254,
        0.9900628328323364,
        0.9823154807090759,
        0.975077748298645,
        0.914965808391571
      ],
      [
        0.9901161789894104,
        0.9861323833465576,
        0.9789079427719116,
        0.9841534495353699,
        0.9386922121047974,
        0.9907975196838379,
        0.9813209772109985,
        0.9788470268249512,
        0.9744480848312378,
        0.986811637878418,
        0.9877164959907532,
        0.9866855144500732,
        0.9908312559127808,
        0.9900609850883484,
        0.9999995231628418,
        0.9847437739372253,
        0.9909300804138184,
        0.9806106686592102,
        0.974431037902832,
        0.9194495677947998
      ],
      [
        0.9857176542282104,
        0.9870575070381165,
        0.9835124611854553,
        0.9869562387466431,
        0.9545844793319702,
        0.9902528524398804,
        0.9804460406303406,
        0.984843373298645,
        0.970992922782898,
        0.9802930951118469,
        0.9861348867416382,
        0.9857315421104431,
        0.9896327257156372,
        0.9914536476135254,
        0.9847437739372253,
        0.9999995827674866,
        0.9874562621116638,
        0.9775148630142212,
        0.973546028137207,
        0.9165279269218445
      ],
      [
        0.9921655654907227,
        0.986786425113678,
        0.98435378074646,
        0.9880543947219849,
        0.9498915076255798,
        0.9902243614196777,
        0.980487585067749,
        0.9794309139251709,
        0.972494900226593,
        0.9847354888916016,
        0.984086811542511,
        0.9829356670379639,
        0.9896603226661682,
        0.9900628328323364,
        0.9909300804138184,
        0.9874562621116638,
        1.000000238418579,
        0.9804085493087769,
        0.971288800239563,
        0.9176876544952393
      ],
      [
        0.9816870093345642,
        0.979202926158905,
        0.9732252359390259,
        0.97661292552948,
        0.9313802719116211,
        0.9840964674949646,
        0.9703383445739746,
        0.9696062207221985,
        0.9795089960098267,
        0.981685221195221,
        0.9813873767852783,
        0.9804410338401794,
        0.9811370372772217,
        0.9823154807090759,
        0.9806106686592102,
        0.9775148630142212,
        0.9804085493087769,
        1.0,
        0.9662010669708252,
        0.9056753516197205
      ],
      [
        0.9717956185340881,
        0.9730092287063599,
        0.962594211101532,
        0.9680909514427185,
        0.9253700375556946,
        0.9741477370262146,
        0.9674102067947388,
        0.9703100323677063,
        0.9622226357460022,
        0.9707797169685364,
        0.9738353490829468,
        0.9756958484649658,
        0.9763314723968506,
        0.975077748298645,
        0.974431037902832,
        0.973546028137207,
        0.971288800239563,
        0.9662010669708252,
        1.0,
        0.9137653112411499
      ],
      [
        0.9176207184791565,
        0.9172961711883545,
        0.9160081148147583,
        0.9184238314628601,
        0.899172306060791,
        0.9127413630485535,
        0.9250118732452393,
        0.9223988056182861,
        0.9028788208961487,
        0.9080084562301636,
        0.9171523451805115,
        0.9219341278076172,
        0.9146203994750977,
        0.914965808391571,
        0.9194495677947998,
        0.9165279269218445,
        0.9176876544952393,
        0.9056753516197205,
        0.9137653112411499,
        0.9999997019767761
      ]
    ],
    "assistant_subtracted": [
      [
        1.0,
        0.9289147257804871,
        0.8747707605361938,
        0.9119462370872498,
        0.0,
        0.9238907694816589,
        0.8107951879501343,
        0.7586402893066406,
        0.809105396270752,
        0.880056619644165,
        0.8836311101913452,
        0.8656357526779175,
        0.9136580228805542,
        0.9082585573196411,
        0.9139792323112488,
        0.8523713946342468,
        0.9217069745063782,
        0.8523428440093994,
        0.7833127379417419,
        0.47274890542030334
      ],
      [
        0.9289147257804871,
        1.0,
        0.8885413408279419,
        0.9216882586479187,
        0.0,
        0.9288684129714966,
        0.7991006970405579,
        0.7585064172744751,
        0.7862437963485718,
        0.8599289059638977,
        0.8863282799720764,
        0.8879505395889282,
        0.9114949107170105,
        0.9078683853149414,
        0.8782777190208435,
        0.8675650954246521,
        0.8686123490333557,
        0.8317139148712158,
        0.7940055131912231,
        0.47211748361587524
      ],
      [
        0.8747707605361938,
        0.8885413408279419,
        1.000000238418579,
        0.9108552932739258,
        0.0,
        0.8388873338699341,
        0.7934751510620117,
        0.7292618751525879,
        0.7156568169593811,
        0.7913059592247009,
        0.7931017279624939,
        0.798057496547699,
        0.827519416809082,
        0.8199474215507507,
        0.8090260624885559,
        0.7945985198020935,
        0.825796365737915,
        0.7788807153701782,
        0.6960234642028809,
        0.4164458215236664
      ],
      [
        0.9119462370872498,
        0.9216882586479187,
        0.910855233669281,
        0.9999998211860657,
        0.0,
        0.8999550342559814,
        0.7870000004768372,
        0.7559278011322021,
        0.7746794819831848,
        0.8281610608100891,
        0.843826413154602,
        0.8436570763587952,
        0.8846622109413147,
        0.8627716302871704,
        0.8594082593917847,
        0.8498313426971436,
        0.8718242645263672,
        0.808684766292572,
        0.7510218024253845,
        0.4606030285358429
      ],
      [
        0.0,
        0.0,
        0.0,
        0.0,
        0.0,
        0.0,
        0.0,
        0.0,
        0.0,
        0.0,
        0.0,
        0.0,
        0.0,
        0.0,
        0.0,
        0.0,
        0.0,
        0.0,
        0.0,
        0.0
      ],
      [
        0.9238907694816589,
        0.9288684129714966,
        0.8388873338699341,
        0.8999550342559814,
        0.0,
        0.9999998807907104,
        0.7856879234313965,
        0.7765512466430664,
        0.8409631252288818,
        0.9171451926231384,
        0.9029628038406372,
        0.8864179849624634,
        0.9263902902603149,
        0.9179977774620056,
        0.9206732511520386,
        0.8993238806724548,
        0.9013792872428894,
        0.8747021555900574,
        0.8053120970726013,
        0.43962231278419495
      ],
      [
        0.8107951879501343,
        0.7991006970405579,
        0.7934751510620117,
        0.7870000004768372,
        0.0,
        0.7856879234313965,
        1.0000001192092896,
        0.7786651253700256,
        0.7038566470146179,
        0.7147901058197021,
        0.8356611132621765,
        0.8620486259460449,
        0.8753243088722229,
        0.8647722005844116,
        0.8222648501396179,
        0.777496337890625,
        0.7900324463844299,
        0.7380973100662231,
        0.7278710007667542,
        0.5047383904457092
      ],
      [
        0.7586402893066406,
        0.7585064172744751,
        0.7292618751525879,
        0.7559278011322021,
        0.0,
        0.7765512466430664,
        0.7786651253700256,
        1.0,
        0.7206183671951294,
        0.7014550566673279,
        0.7667651772499084,
        0.7960593700408936,
        0.8154383301734924,
        0.8031449317932129,
        0.8037751317024231,
        0.8164727091789246,
        0.7686300873756409,
        0.737105131149292,
        0.7671521902084351,
        0.479558527469635
      ],
      [
        0.809105396270752,
        0.7862437963485718,
        0.7156568169593811,
        0.7746794819831848,
        0.0,
        0.8409631252288818,
        0.7038566470146179,
        0.7206183075904846,
        0.9999998807907104,
        0.8314451575279236,
        0.8051207065582275,
        0.8044780492782593,
        0.8142096400260925,
        0.8104187250137329,
        0.8178701400756836,
        0.7887353897094727,
        0.7988455891609192,
        0.8589356541633606,
        0.747352123260498,
        0.44483935832977295
      ],
      [
        0.880056619644165,
        0.8599289059638977,
        0.7913059592247009,
        0.8281610608100891,
        0.0,
        0.9171451926231384,
        0.7147901058197021,
        0.7014550566673279,
        0.8314451575279236,
        1.0000001192092896,
        0.8655385375022888,
        0.8468601703643799,
        0.8576532006263733,
        0.8623871207237244,
        0.891403317451477,
        0.8259939551353455,
        0.8665014505386353,
        0.8596538305282593,
        0.7879425883293152,
        0.4389878213405609
      ],
      [
        0.8836311101913452,
        0.8863282799720764,
        0.7931017279624939,
        0.843826413154602,
        0.0,
        0.9029628038406372,
        0.8356611132621765,
        0.7667651772499084,
        0.8051207065582275,
        0.865538477897644,
        0.9999998211860657,
        0.9404080510139465,
        0.9181174635887146,
        0.9240946173667908,
        0.8952848315238953,
        0.87306147813797,
        0.8547660708427429,
        0.8512129187583923,
        0.8013336658477783,
        0.48401862382888794
      ],
      [
        0.8656357526779175,
        0.8879505395889282,
        0.798057496547699,
        0.8436570763587952,
        0.0,
        0.8864179849624634,
        0.8620486259460449,
        0.7960593700408936,
        0.8044780492782593,
        0.8468601703643799,
        0.9404080510139465,
        1.0000001192092896,
        0.9318373799324036,
        0.9482110142707825,
        0.8891710042953491,
        0.8782371282577515,
        0.8523486852645874,
        0.8448563814163208,
        0.8154818415641785,
        0.5214573740959167
      ],
      [
        0.9136580228805542,
        0.9114949107170105,
        0.827519416809082,
        0.8846622705459595,
        0.0,
        0.9263902902603149,
        0.8753243088722229,
        0.8154383301734924,
        0.8142096400260925,
        0.8576532006263733,
        0.9181174635887146,
        0.9318373799324036,
        0.9999998211860657,
        0.9578903913497925,
        0.9213370084762573,
        0.9053115844726562,
        0.9053496718406677,
        0.8489369750022888,
        0.8204019665718079,
        0.46515172719955444
      ],
      [
        0.9082585573196411,
        0.9078683853149414,
        0.8199474215507507,
        0.8627716302871704,
        0.0,
        0.9179977774620056,
        0.8647722005844116,
        0.8031449317932129,
        0.8104187250137329,
        0.8623871207237244,
        0.9240946173667908,
        0.9482110142707825,
        0.9578903913497925,
        0.9999997615814209,
        0.9123868942260742,
        0.9135746955871582,
        0.9016994833946228,
        0.8555570244789124,
        0.8070755004882812,
        0.45391982793807983
      ],
      [
        0.9139792323112488,
        0.8782777190208435,
        0.8090260624885559,
        0.8594082593917847,
        0.0,
        0.9206732511520386,
        0.8222648501396179,
        0.8037751317024231,
        0.8178701400756836,
        0.891403317451477,
        0.8952848315238953,
        0.8891710042953491,
        0.9213370084762573,
        0.9123868942260742,
        1.0,
        0.8646875023841858,
        0.9215115308761597,
        0.8488436937332153,
        0.8110102415084839,
        0.506485641002655
      ],
      [
        0.8523713946342468,
        0.8675650954246521,
        0.7945985198020935,
        0.8498313426971436,
        0.0,
        0.8993238210678101,
        0.777496337890625,
        0.8164727091789246,
        0.7887353897094727,
        0.8259939551353455,
        0.8730614185333252,
        0.8782371282577515,
        0.9053115844726562,
        0.9135746955871582,
        0.8646875023841858,
        1.0,
        0.8673878312110901,
        0.8170090913772583,
        0.7997087240219116,
        0.4531116783618927
      ],
      [
        0.9217069745063782,
        0.8686123490333557,
        0.825796365737915,
        0.8718242645263672,
        0.0,
        0.9013792872428894,
        0.7900324463844299,
        0.7686300873756409,
        0.7988455891609192,
        0.8665014505386353,
        0.8547660708427429,
        0.8523486852645874,
        0.9053496718406677,
        0.9016994833946228,
        0.9215115308761597,
        0.8673878312110901,
        1.0000003576278687,
        0.8410404920578003,
        0.7783018350601196,
        0.4694572985172272
      ],
      [
        0.8523428440093994,
        0.8317139148712158,
        0.7788807153701782,
        0.808684766292572,
        0.0,
        0.8747021555900574,
        0.7380973100662231,
        0.737105131149292,
        0.8589356541633606,
        0.8596538305282593,
        0.8512129187583923,
        0.8448563814163208,
        0.8489369750022888,
        0.8555570244789124,
        0.8488436937332153,
        0.8170090913772583,
        0.8410404920578003,
        1.000000238418579,
        0.7613241672515869,
        0.43876907229423523
      ],
      [
        0.7833128571510315,
        0.7940055131912231,
        0.6960234642028809,
        0.7510218024253845,
        0.0,
        0.8053120970726013,
        0.7278710007667542,
        0.7671521902084351,
        0.747352123260498,
        0.7879425883293152,
        0.8013336658477783,
        0.8154818415641785,
        0.8204019665718079,
        0.8070755004882812,
        0.8110102415084839,
        0.7997087240219116,
        0.7783018350601196,
        0.7613241672515869,
        0.9999998211860657,
        0.5038373470306396
      ],
      [
        0.47274890542030334,
        0.47211748361587524,
        0.416445791721344,
        0.4606030285358429,
        0.0,
        0.43962231278419495,
        0.5047383308410645,
        0.479558527469635,
        0.44483935832977295,
        0.4389878213405609,
        0.48401862382888794,
        0.5214573740959167,
        0.46515172719955444,
        0.45391976833343506,
        0.506485641002655,
        0.4531116783618927,
        0.4694572985172272,
        0.43876907229423523,
        0.5038373470306396,
        1.0
      ]
    ],
    "global_mean_subtracted": [
      [
        0.9999999403953552,
        0.3522107005119324,
        0.1746511459350586,
        0.2766091823577881,
        -0.18119971454143524,
        0.21702411770820618,
        -0.11944679915904999,
        -0.30238521099090576,
        -0.058972787111997604,
        0.14303213357925415,
        -0.028095761314034462,
        -0.2108382284641266,
        0.08924491703510284,
        0.04650918021798134,
        0.17865969240665436,
        -0.2015901505947113,
        0.33003464341163635,
        0.017954502254724503,
        -0.18661004304885864,
        -0.25488078594207764
      ],
      [
        0.3522107005119324,
        1.0000001192092896,
        0.2720257639884949,
        0.3758753836154938,
        -0.1656460165977478,
        0.3076595366001129,
        -0.15461289882659912,
        -0.2618471086025238,
        -0.16228201985359192,
        0.02882380597293377,
        0.037344783544540405,
        0.02517007663846016,
        0.11384756863117218,
        0.09179084748029709,
        -0.10037544369697571,
        -0.03549368679523468,
        -0.07806787639856339,
        -0.0878617912530899,
        -0.0901859775185585,
        -0.23344546556472778
      ],
      [
        0.1746511459350586,
        0.2720257639884949,
        0.9999999403953552,
        0.5661731958389282,
        0.44605109095573425,
        -0.06824927031993866,
        0.13298875093460083,
        0.10755029320716858,
        -0.3037424385547638,
        -0.14546093344688416,
        -0.32083559036254883,
        -0.37143373489379883,
        -0.28791794180870056,
        -0.2512598931789398,
        -0.31353288888931274,
        -0.0292191319167614,
        0.007547854445874691,
        -0.17916998267173767,
        -0.32576122879981995,
        -0.14274083077907562
      ],
      [
        0.2766091823577881,
        0.3758753836154938,
        0.5661731958389282,
        1.0,
        0.17010822892189026,
        0.14189781248569489,
        -0.07707875221967697,
        -0.04752441868185997,
        -0.1885141283273697,
        -0.1177603229880333,
        -0.22625510394573212,
        -0.2835293710231781,
        -0.08287370204925537,
        -0.21317234635353088,
        -0.192099466919899,
        0.015053097158670425,
        0.0763622373342514,
        -0.17927595973014832,
        -0.2634761929512024,
        -0.1709752231836319
      ],
      [
        -0.18119971454143524,
        -0.1656460165977478,
        0.44605109095573425,
        0.17010822892189026,
        1.0000001192092896,
        -0.18218404054641724,
        0.05360577255487442,
        0.33074620366096497,
        -0.2861824929714203,
        -0.23692743480205536,
        -0.3391438126564026,
        -0.4532710909843445,
        -0.43403661251068115,
        -0.2922585904598236,
        -0.39913836121559143,
        0.08536674082279205,
        -0.08077175915241241,
        -0.28313955664634705,
        -0.2264111191034317,
        0.07946589589118958
      ],
      [
        0.21702411770820618,
        0.3076595366001129,
        -0.06824927031993866,
        0.14189781248569489,
        -0.18218404054641724,
        1.0,
        -0.34492820501327515,
        -0.2534675896167755,
        0.09828357398509979,
        0.3927311301231384,
        0.08057047426700592,
        -0.10525332391262054,
        0.15157106518745422,
        0.07476997375488281,
        0.1829252988100052,
        0.13047592341899872,
        0.10150279849767685,
        0.13222430646419525,
        -0.10361447185277939,
        -0.4249105453491211
      ],
      [
        -0.11944679915904999,
        -0.15461289882659912,
        0.13298875093460083,
        -0.07707875221967697,
        0.05360577255487442,
        -0.34492820501327515,
        0.9999998211860657,
        0.16004563868045807,
        -0.24982385337352753,
        -0.4222812354564667,
        0.05259989947080612,
        0.16978730261325836,
        0.21273241937160492,
        0.1739479899406433,
        -0.07711081206798553,
        -0.14997024834156036,
        -0.14798259735107422,
        -0.2520318627357483,
        -0.1259329468011856,
        0.02919960208237171
      ],
      [
        -0.30238521099090576,
        -0.2618471384048462,
        0.10755029320716858,
        -0.04752441868185997,
        0.33074620366096497,
        -0.2534675896167755,
        0.16004563868045807,
        1.0,
        -0.15822528302669525,
        -0.38587674498558044,
        -0.2699897289276123,
        -0.18516263365745544,
        -0.1411464810371399,
        -0.14752568304538727,
        -0.14368677139282227,
        0.18741720914840698,
        -0.1338430792093277,
        -0.20659205317497253,
        0.0421641580760479,
        0.02622898295521736
      ],
      [
        -0.058972787111997604,
        -0.16228201985359192,
        -0.3037424385547638,
        -0.1885141283273697,
        -0.2861824929714203,
        0.09828357398509979,
        -0.24982386827468872,
        -0.15822528302669525,
        1.0000001192092896,
        0.22707973420619965,
        -0.00027476716786623,
        0.0016662251437082887,
        -0.043598294258117676,
        -0.08820220828056335,
        0.03942205011844635,
        -0.1114392876625061,
        -0.06238901615142822,
        0.38938096165657043,
        0.03290446475148201,
        -0.13998648524284363
      ],
      [
        0.14303213357925415,
        0.02882380597293377,
        -0.14546093344688416,
        -0.11776033788919449,
        -0.23692743480205536,
        0.3927311301231384,
        -0.4222812354564667,
        -0.38587674498558044,
        0.22707973420619965,
        0.9999999403953552,
        0.10656654089689255,
        -0.027360066771507263,
        -0.0727178230881691,
        -0.04106525331735611,
        0.24820032715797424,
        -0.1319706290960312,
        0.10825782269239426,
        0.24654768407344818,
        0.03714960068464279,
        -0.2465943545103073
      ],
      [
        -0.028095761314034462,
        0.037344783544540405,
        -0.32083559036254883,
        -0.22625510394573212,
        -0.3391438126564026,
        0.08057047426700592,
        0.05259989947080612,
        -0.2699897289276123,
        -0.00027476716786623,
        0.10656654089689255,
        0.9999997615814209,
        0.5203785300254822,
        0.24690908193588257,
        0.2918442487716675,
        0.11748801171779633,
        -0.010978668928146362,
        -0.17062285542488098,
        0.08903364092111588,
        -0.006348222494125366,
        -0.1974918246269226
      ],
      [
        -0.2108382284641266,
        0.02517007663846016,
        -0.37143373489379883,
        -0.2835293710231781,
        -0.4532710909843445,
        -0.10525331646203995,
        0.16978730261325836,
        -0.18516263365745544,
        0.0016662251437082887,
        -0.027360066771507263,
        0.5203785300254822,
        1.0,
        0.37314021587371826,
        0.5008987188339233,
        0.06598339229822159,
        -0.021411962807178497,
        -0.22131328284740448,
        0.04871290549635887,
        0.07022131234407425,
        -0.08964378386735916
      ],
      [
        0.08924491703510284,
        0.11384756863117218,
        -0.28791794180870056,
        -0.08287370204925537,
        -0.43403661251068115,
        0.15157106518745422,
        0.21273241937160492,
        -0.1411464810371399,
        -0.043598294258117676,
        -0.0727178230881691,
        0.24690908193588257,
        0.37314021587371826,
        0.9999997615814209,
        0.5195679068565369,
        0.22415515780448914,
        0.10490787029266357,
        0.09854737669229507,
        -0.035531409084796906,
        0.013006052002310753,
        -0.35617098212242126
      ],
      [
        0.04650918021798134,
        0.09179084748029709,
        -0.2512598931789398,
        -0.21317234635353088,
        -0.2922585904598236,
        0.07476997375488281,
        0.1739479899406433,
        -0.14752568304538727,
        -0.08820220828056335,
        -0.04106525331735611,
        0.2918442487716675,
        0.5008987188339233,
        0.5195679068565369,
        1.000000238418579,
        0.11599435657262802,
        0.22240059077739716,
        0.08813990652561188,
        -0.0005413610488176346,
        -0.08478571474552155,
        -0.38484886288642883
      ],
      [
        0.17865969240665436,
        -0.10037544369697571,
        -0.31353288888931274,
        -0.192099466919899,
        -0.39913836121559143,
        0.1829252988100052,
        -0.07711081206798553,
        -0.14368677139282227,
        0.03942205011844635,
        0.24820032715797424,
        0.11748801171779633,
        0.06598339229822159,
        0.22415515780448914,
        0.11599435657262802,
        1.000000238418579,
        -0.14510147273540497,
        0.3066383898258209,
        0.03466906398534775,
        0.012859013862907887,
        -0.14980068802833557
      ],
      [
        -0.2015901505947113,
        -0.03549368679523468,
        -0.0292191319167614,
        0.015053097158670425,
        0.08536674082279205,
        0.13047592341899872,
        -0.14997023344039917,
        0.18741720914840698,
        -0.1114392876625061,
        -0.1319706290960312,
        -0.010978668928146362,
        -0.021411962807178497,
        0.10490786284208298,
        0.22240059077739716,
        -0.14510147273540497,
        1.0,
        0.03223608806729317,
        -0.12794984877109528,
        -0.01928912103176117,
        -0.21278053522109985
      ],
      [
        0.33003464341163635,
        -0.07806787639856339,
        0.007547854445874691,
        0.0763622373342514,
        -0.08077175915241241,
        0.10150279849767685,
        -0.14798259735107422,
        -0.1338430792093277,
        -0.06238901615142822,
        0.10825782269239426,
        -0.17062285542488098,
        -0.22131328284740448,
        0.09854737669229507,
        0.08813990652561188,
        0.3066383898258209,
        0.03223608806729317,
        1.0,
        0.005333933979272842,
        -0.14433035254478455,
        -0.2054429054260254
      ],
      [
        0.017954502254724503,
        -0.0878617912530899,
        -0.17916998267173767,
        -0.17927595973014832,
        -0.28313955664634705,
        0.13222430646419525,
        -0.2520318627357483,
        -0.20659205317497253,
        0.38938096165657043,
        0.24654768407344818,
        0.08903364092111588,
        0.04871290549635887,
        -0.035531409084796906,
        -0.0005413610488176346,
        0.03466906398534775,
        -0.12794984877109528,
        0.005333933979272842,
        0.9999998807907104,
        -0.03019076958298683,
        -0.2213432490825653
      ],
      [
        -0.18661004304885864,
        -0.0901859775185585,
        -0.32576122879981995,
        -0.2634761929512024,
        -0.2264111191034317,
        -0.10361447185277939,
        -0.1259329468011856,
        0.0421641580760479,
        0.03290446475148201,
        0.03714960068464279,
        -0.006348222494125366,
        0.07022131234407425,
        0.013006052002310753,
        -0.08478571474552155,
        0.012859013862907887,
        -0.01928912103176117,
        -0.14433035254478455,
        -0.03019076958298683,
        1.0,
        0.013442776165902615
      ],
      [
        -0.25488078594207764,
        -0.23344546556472778,
        -0.14274083077907562,
        -0.1709752231836319,
        0.07946591079235077,
        -0.4249105453491211,
        0.02919960208237171,
        0.02622898295521736,
        -0.13998648524284363,
        -0.2465943545103073,
        -0.1974918246269226,
        -0.08964378386735916,
        -0.35617098212242126,
        -0.38484886288642883,
        -0.14980068802833557,
        -0.21278053522109985,
        -0.2054429054260254,
        -0.2213432490825653,
        0.013442776165902615,
        1.0
      ]
    ]
  },
  "layer_15": {
    "persona_names": [
      "cybersec_consultant",
      "pentester",
      "software_engineer",
      "data_scientist",
      "helpful_assistant",
      "private_investigator",
      "medical_doctor",
      "kindergarten_teacher",
      "poet",
      "villain",
      "navy_seal",
      "army_medic",
      "surgeon",
      "paramedic",
      "police_officer",
      "florist",
      "librarian",
      "comedian",
      "french_person",
      "no_persona"
    ],
    "raw": [
      [
        1.0,
        0.9933409690856934,
        0.991020143032074,
        0.9934563636779785,
        0.9559456706047058,
        0.9868335723876953,
        0.9865233302116394,
        0.9616513252258301,
        0.8607436418533325,
        0.923758864402771,
        0.9745224714279175,
        0.9706136584281921,
        0.9895746111869812,
        0.9923449158668518,
        0.982327401638031,
        0.9846006631851196,
        0.9897245764732361,
        0.8487492799758911,
        0.9339768886566162,
        0.9509386420249939
      ],
      [
        0.9933409690856934,
        0.9999996423721313,
        0.9883232116699219,
        0.9904797077178955,
        0.9535102248191833,
        0.9859849214553833,
        0.9840835928916931,
        0.9599902033805847,
        0.8587117195129395,
        0.9299161434173584,
        0.9755847454071045,
        0.9740906357765198,
        0.9904645681381226,
        0.9916446208953857,
        0.9821898341178894,
        0.984268307685852,
        0.9834923148155212,
        0.8523425459861755,
        0.9349565505981445,
        0.9506813883781433
      ],
      [
        0.991020143032074,
        0.9883232116699219,
        1.0000001192092896,
        0.9950256943702698,
        0.9707080721855164,
        0.9796754121780396,
        0.9864916801452637,
        0.9636708498001099,
        0.8579902648925781,
        0.9167537093162537,
        0.9661765098571777,
        0.9632253050804138,
        0.9841258525848389,
        0.9875474572181702,
        0.9761091470718384,
        0.9829292893409729,
        0.9857255220413208,
        0.853633463382721,
        0.9312825798988342,
        0.9506659507751465
      ],
      [
        0.9934563040733337,
        0.9904797077178955,
        0.9950256943702698,
        0.9999997019767761,
        0.9660283923149109,
        0.984390377998352,
        0.9852235317230225,
        0.9619419574737549,
        0.8587747812271118,
        0.9184257984161377,
        0.9682360887527466,
        0.964017927646637,
        0.9857068657875061,
        0.9890919923782349,
        0.9766386151313782,
        0.9831177592277527,
        0.9875063896179199,
        0.8508439660072327,
        0.9329816102981567,
        0.9542627930641174
      ],
      [
        0.9559456706047058,
        0.9535102248191833,
        0.9707080721855164,
        0.9660283923149109,
        1.0000001192092896,
        0.9456935524940491,
        0.9605100750923157,
        0.9474843144416809,
        0.8337695002555847,
        0.88285231590271,
        0.924872636795044,
        0.9246435761451721,
        0.9456890225410461,
        0.9553770422935486,
        0.9429828524589539,
        0.9503296613693237,
        0.9536794424057007,
        0.8258071541786194,
        0.8968789577484131,
        0.9485565423965454
      ],
      [
        0.9868335723876953,
        0.9859849214553833,
        0.9796754121780396,
        0.984390377998352,
        0.9456935524940491,
        0.9999996423721313,
        0.975913941860199,
        0.960049033164978,
        0.8769713640213013,
        0.9437744617462158,
        0.9791322946548462,
        0.9781162738800049,
        0.9866873621940613,
        0.9878137707710266,
        0.9836914539337158,
        0.9855647683143616,
        0.9860708117485046,
        0.8639358282089233,
        0.9438214898109436,
        0.9421912431716919
      ],
      [
        0.9865233898162842,
        0.9840835928916931,
        0.9864916801452637,
        0.9852235317230225,
        0.9605100750923157,
        0.975913941860199,
        0.9999995827674866,
        0.9648275375366211,
        0.8528542518615723,
        0.9135979413986206,
        0.9714001417160034,
        0.9704149961471558,
        0.9877802729606628,
        0.9891145825386047,
        0.9800049662590027,
        0.9760863780975342,
        0.9799402952194214,
        0.8434516191482544,
        0.9296315312385559,
        0.9582760334014893
      ],
      [
        0.9616513252258301,
        0.9599902033805847,
        0.9636708498001099,
        0.9619419574737549,
        0.9474843144416809,
        0.960049033164978,
        0.9648275375366211,
        1.0000001192092896,
        0.8676852583885193,
        0.9120941758155823,
        0.949110746383667,
        0.9558854103088379,
        0.962574303150177,
        0.9683713316917419,
        0.9662619233131409,
        0.970197856426239,
        0.9699174165725708,
        0.8592057824134827,
        0.9307591319084167,
        0.9425318837165833
      ],
      [
        0.8607436418533325,
        0.8587117195129395,
        0.8579902648925781,
        0.8587747812271118,
        0.8337695002555847,
        0.8769713640213013,
