{
  "layer_10": {
    "per_persona_cosine": {
      "cybersec_consultant": 0.6555525064468384,
      "pentester": 0.6594334244728088,
      "software_engineer": 0.6628803014755249,
      "data_scientist": 0.6614939570426941,
      "helpful_assistant": 0.6606135368347168,
      "private_investigator": 0.6548711061477661,
      "medical_doctor": 0.646691083908081,
      "kindergarten_teacher": 0.669175922870636,
      "poet": 0.58529132604599,
      "villain": 0.653389036655426,
      "navy_seal": 0.655734121799469,
      "army_medic": 0.6647776365280151,
      "surgeon": 0.6638715863227844,
      "paramedic": 0.6639166474342346,
      "police_officer": 0.6516307592391968,
      "florist": 0.6758584976196289,
      "librarian": 0.6538124084472656,
      "comedian": 0.6478271484375,
      "french_person": 0.6541775465011597,
      "no_persona": 0.6147671937942505
    },
    "per_persona_cosine_stats": {
      "mean": 0.6527882874011993,
      "std": 0.01944583781459025,
      "min": 0.58529132604599,
      "max": 0.6758584976196289
    },
    "raw_matrix_comparison": {
      "pearson_r": 0.10179528594017029,
      "pearson_p": 0.1622556746006012,
      "spearman_r": 0.3565361921382864,
      "spearman_p": 4.441252455791139e-07,
      "mean_abs_diff": 0.028916554525494576,
      "method_a_offdiag_range": [
        0.899172306060791,
        0.9953062534332275
      ],
      "method_b_offdiag_range": [
        0.8640415072441101,
        0.998332142829895
      ]
    },
    "mean_centered_matrix_comparison": {
      "pearson_r": 0.29607000946998596,
      "pearson_p": 3.361508788657375e-05,
      "spearman_r": 0.283220267072568,
      "spearman_p": 7.509411796054661e-05,
      "mean_abs_diff": 0.3276127278804779,
      "method_a_mc_range": [
        -0.4532710909843445,
        0.5661731958389282
      ],
      "method_b_mc_range": [
        -0.6543280482292175,
        0.7733988165855408
      ]
    },
    "cosine_matrix_a": [
      [
        1.0000003576278687,
        0.992744505405426,
        0.987766444683075,
        0.9914097189903259,
        0.9482126235961914,
        0.9923368096351624,
        0.9821637868881226,
        0.9780181050300598,
        0.9737502932548523,
        0.9861859083175659,
        0.9871091246604919,
        0.9843767881393433,
        0.9905151724815369,
        0.9906182289123535,
        0.9901161789894104,
        0.9857176542282104,
        0.9921655654907227,
        0.9816870093345642,
        0.9717956185340881,
        0.9176207184791565
      ],
      [
        0.992744505405426,
        0.9999998807907104,
        0.9887552261352539,
        0.9922189116477966,
        0.9477025866508484,
        0.9927807450294495,
        0.9809778332710266,
        0.9778502583503723,
        0.9708496332168579,
        0.9838514924049377,
        0.9873859882354736,
        0.9868965744972229,
        0.9902732372283936,
        0.9905535578727722,
        0.9861323833465576,
        0.9870575070381165,
        0.986786425113678,
        0.979202926158905,
        0.9730092287063599,
        0.9172961711883545
      ],
      [
        0.9877663850784302,
        0.9887552261352539,
        0.9999998807907104,
        0.9929263591766357,
        0.9672167897224426,
        0.9851781129837036,
        0.9827588200569153,
        0.9810103178024292,
        0.9625906944274902,
        0.976922869682312,
        0.9781110882759094,
        0.9767385721206665,
        0.9815231561660767,
        0.9828118085861206,
        0.9789079427719116,
        0.9835124611854553,
        0.98435378074646,
        0.9732252359390259,
        0.962594211101532,
        0.9160081148147583
      ],
      [
        0.9914097189903259,
        0.9922189116477966,
        0.9929263591766357,
        0.9999998211860657,
        0.9575520157814026,
        0.9904162883758545,
        0.981674075126648,
        0.9807043075561523,
        0.9692928791046143,
        0.9806016087532043,
        0.9831566214561462,
        0.9819545745849609,
        0.987444281578064,
        0.986653208732605,
        0.9841535091400146,
        0.9869562387466431,
        0.9880543947219849,
        0.97661292552948,
        0.9680909514427185,
        0.9184238314628601
      ],
      [
        0.9482126235961914,
        0.9477025866508484,
        0.9672167897224426,
        0.9575520157814026,
        1.0000003576278687,
        0.9487768411636353,
        0.9524604082107544,
        0.9619810581207275,
        0.9223248362541199,
        0.9371129274368286,
        0.9404772520065308,
        0.9362260699272156,
        0.9415853023529053,
        0.9469069838523865,
        0.9386922121047974,
        0.9545844793319702,
        0.9498915076255798,
        0.9313802719116211,
        0.9253700375556946,
        0.899172306060791
      ],
      [
        0.9923368096351624,
        0.9927807450294495,
        0.9851781129837036,
        0.990416407585144,
        0.9487768411636353,
        1.0000001192092896,
        0.9801817536354065,
        0.9798847436904907,
        0.9774888753890991,
        0.9901533722877502,
        0.9892929196357727,
        0.9868513345718384,
        0.9919549226760864,
        0.9917625784873962,
        0.9907975196838379,
        0.9902528524398804,
        0.9902243614196777,
        0.9840964674949646,
        0.9741477370262146,
        0.9127413630485535
      ],
      [
        0.9821637868881226,
        0.9809778332710266,
        0.9827588200569153,
        0.981674075126648,
        0.9524604082107544,
        0.9801817536354065,
        1.0,
        0.981185257434845,
        0.9626270532608032,
        0.9699122905731201,
        0.9827514886856079,
        0.9843053221702576,
        0.9871398210525513,
        0.9869440197944641,
        0.9813209772109985,
        0.9804460406303406,
        0.980487585067749,
        0.9703383445739746,
        0.9674102067947388,
        0.9250118732452393
      ],
      [
        0.9780181050300598,
        0.9778502583503723,
        0.9810103178024292,
        0.9807043075561523,
        0.9619810581207275,
        0.9798847436904907,
        0.981185257434845,
        1.0000001192092896,
        0.9636008739471436,
        0.9686744809150696,
        0.9759001731872559,
        0.9770165085792542,
        0.9808188080787659,
        0.9814260005950928,
        0.9788470268249512,
        0.984843373298645,
        0.9794309139251709,
        0.9696062207221985,
        0.9703100323677063,
        0.9223988056182861
      ],
      [
        0.9737502932548523,
        0.9708496332168579,
        0.9625906944274902,
        0.9692928791046143,
        0.9223248362541199,
        0.9774888753890991,
        0.9626270532608032,
        0.9636008739471436,
        0.9999997019767761,
        0.9760437607765198,
        0.9731773138046265,
        0.9730119109153748,
        0.9743924140930176,
        0.9741802215576172,
        0.9744480848312378,
        0.970992922782898,
        0.972494900226593,
        0.9795089960098267,
        0.9622226357460022,
        0.9028788208961487
      ],
      [
        0.9861859083175659,
        0.9838514924049377,
        0.9769228100776672,
        0.9806016087532043,
        0.9371129274368286,
        0.9901533722877502,
        0.9699122905731201,
        0.9686744809150696,
        0.9760437607765198,
        0.9999999403953552,
        0.9841718077659607,
        0.9816146492958069,
        0.9832955598831177,
        0.9844040274620056,
        0.986811637878418,
        0.9802930951118469,
        0.9847354888916016,
        0.981685221195221,
        0.9707795977592468,
        0.9080084562301636
      ],
      [
        0.9871091246604919,
        0.9873860478401184,
        0.9781110882759094,
        0.9831566214561462,
        0.9404772520065308,
        0.9892929196357727,
        0.9827514886856079,
        0.9759002923965454,
        0.9731773138046265,
        0.9841718673706055,
        0.9999996423721313,
        0.9928132891654968,
        0.9905828237533569,
        0.991495668888092,
        0.9877164959907532,
        0.9861348867416382,
        0.984086811542511,
        0.9813874363899231,
        0.9738353490829468,
        0.9171523451805115
      ],
      [
        0.9843767881393433,
        0.9868965744972229,
        0.9767385721206665,
        0.9819545745849609,
        0.9362260699272156,
        0.9868513345718384,
        0.9843053221702576,
        0.9770165085792542,
        0.9730119109153748,
        0.9816147089004517,
        0.9928132891654968,
        1.0000001192092896,
        0.991824746131897,
        0.9936373829841614,
        0.9866855144500732,
        0.9857315421104431,
        0.9829356670379639,
        0.9804410338401794,
        0.9756958484649658,
        0.9219341278076172
      ],
      [
        0.9905151724815369,
        0.9902732372283936,
        0.9815231561660767,
        0.987444281578064,
        0.9415853023529053,
        0.9919549226760864,
        0.9871398210525513,
        0.9808188080787659,
        0.9743924140930176,
        0.9832955598831177,
        0.9905827641487122,
        0.991824746131897,
        1.0,
        0.9953062534332275,
        0.9908312559127808,
        0.9896327257156372,
        0.9896603226661682,
        0.9811370372772217,
        0.9763314723968506,
        0.9146203994750977
      ],
      [
        0.9906182289123535,
        0.9905535578727722,
        0.9828118085861206,
        0.986653208732605,
        0.9469069838523865,
        0.9917625784873962,
        0.9869440197944641,
        0.9814260005950928,
        0.9741802215576172,
        0.9844040274620056,
        0.991495668888092,
        0.9936373829841614,
        0.9953062534332275,
        0.9999999403953552,
        0.9900609850883484,
        0.9914536476135254,
        0.9900628328323364,
        0.9823154807090759,
        0.975077748298645,
        0.914965808391571
      ],
      [
        0.9901161789894104,
        0.9861323833465576,
        0.9789079427719116,
        0.9841534495353699,
        0.9386922121047974,
        0.9907975196838379,
        0.9813209772109985,
        0.9788470268249512,
        0.9744480848312378,
        0.986811637878418,
        0.9877164959907532,
        0.9866855144500732,
        0.9908312559127808,
        0.9900609850883484,
        0.9999995231628418,
        0.9847437739372253,
        0.9909300804138184,
        0.9806106686592102,
        0.974431037902832,
        0.9194495677947998
      ],
      [
        0.9857176542282104,
        0.9870575070381165,
        0.9835124611854553,
        0.9869562387466431,
        0.9545844793319702,
        0.9902528524398804,
        0.9804460406303406,
        0.984843373298645,
        0.970992922782898,
        0.9802930951118469,
        0.9861348867416382,
        0.9857315421104431,
        0.9896327257156372,
        0.9914536476135254,
        0.9847437739372253,
        0.9999995827674866,
        0.9874562621116638,
        0.9775148630142212,
        0.973546028137207,
        0.9165279269218445
      ],
      [
        0.9921655654907227,
        0.986786425113678,
        0.98435378074646,
        0.9880543947219849,
        0.9498915076255798,
        0.9902243614196777,
        0.980487585067749,
        0.9794309139251709,
        0.972494900226593,
        0.9847354888916016,
        0.984086811542511,
        0.9829356670379639,
        0.9896603226661682,
        0.9900628328323364,
        0.9909300804138184,
        0.9874562621116638,
        1.000000238418579,
        0.9804085493087769,
        0.971288800239563,
        0.9176876544952393
      ],
      [
        0.9816870093345642,
        0.979202926158905,
        0.9732252359390259,
        0.97661292552948,
        0.9313802719116211,
        0.9840964674949646,
        0.9703383445739746,
        0.9696062207221985,
        0.9795089960098267,
        0.981685221195221,
        0.9813873767852783,
        0.9804410338401794,
        0.9811370372772217,
        0.9823154807090759,
        0.9806106686592102,
        0.9775148630142212,
        0.9804085493087769,
        1.0,
        0.9662010669708252,
        0.9056753516197205
      ],
      [
        0.9717956185340881,
        0.9730092287063599,
        0.962594211101532,
        0.9680909514427185,
        0.9253700375556946,
        0.9741477370262146,
        0.9674102067947388,
        0.9703100323677063,
        0.9622226357460022,
        0.9707797169685364,
        0.9738353490829468,
        0.9756958484649658,
        0.9763314723968506,
        0.975077748298645,
        0.974431037902832,
        0.973546028137207,
        0.971288800239563,
        0.9662010669708252,
        1.0,
        0.9137653112411499
      ],
      [
        0.9176207184791565,
        0.9172961711883545,
        0.9160081148147583,
        0.9184238314628601,
        0.899172306060791,
        0.9127413630485535,
        0.9250118732452393,
        0.9223988056182861,
        0.9028788208961487,
        0.9080084562301636,
        0.9171523451805115,
        0.9219341278076172,
        0.9146203994750977,
        0.914965808391571,
        0.9194495677947998,
        0.9165279269218445,
        0.9176876544952393,
        0.9056753516197205,
        0.9137653112411499,
        0.9999997019767761
      ]
    ],
    "cosine_matrix_b": [
      [
        0.9999999403953552,
        0.9977090358734131,
        0.9970341324806213,
        0.9965412616729736,
        0.9951991438865662,
        0.9969005584716797,
        0.9959393739700317,
        0.9828780293464661,
        0.867418646812439,
        0.9790841341018677,
        0.995500385761261,
        0.992439866065979,
        0.994659960269928,
        0.9958126544952393,
        0.9961611032485962,
        0.9950834512710571,
        0.9958119988441467,
        0.9341937899589539,
        0.9845479130744934,
        0.9958933591842651
      ],
      [
        0.9977090358734131,
        1.0000004768371582,
        0.9978798031806946,
        0.9969605803489685,
        0.995194137096405,
        0.9971871376037598,
        0.996139645576477,
        0.9818730354309082,
        0.8689798712730408,
        0.979051411151886,
        0.9959039092063904,
        0.9921531081199646,
        0.9949386119842529,
        0.9963291883468628,
        0.9964084029197693,
        0.9949065446853638,
        0.9963245391845703,
        0.9330857396125793,
        0.9843080043792725,
        0.9959262609481812
      ],
      [
        0.9970341324806213,
        0.9978798031806946,
        1.0,
        0.9981372356414795,
        0.997062623500824,
        0.9973099231719971,
        0.9970723390579224,
        0.9831355214118958,
        0.8661699295043945,
        0.9769502282142639,
        0.9953747391700745,
        0.991154670715332,
        0.994499683380127,
        0.9965450167655945,
        0.9963381290435791,
        0.9950293302536011,
        0.9974104762077332,
        0.9327898025512695,
        0.9848179221153259,
        0.9971299171447754
      ],
      [
        0.9965412616729736,
        0.9969605803489685,
        0.9981372356414795,
        0.9999995827674866,
        0.9969648122787476,
        0.9976519346237183,
        0.9976019859313965,
        0.98177170753479,
        0.8640415072441101,
        0.9753981232643127,
        0.9952053427696228,
        0.991004228591919,
        0.9947556257247925,
        0.9968881607055664,
        0.9963928461074829,
        0.9941626191139221,
        0.9975160360336304,
        0.9289162158966064,
        0.9848760366439819,
        0.997380256652832
      ],
      [
        0.9951991438865662,
        0.995194137096405,
        0.997062623500824,
        0.9969648718833923,
        1.000000238418579,
        0.997560977935791,
        0.9974475502967834,
        0.9840204119682312,
        0.8652384877204895,
        0.9755858778953552,
        0.9944367408752441,
        0.9904747009277344,
        0.9935153722763062,
        0.9961580038070679,
        0.9965826272964478,
        0.9946754574775696,
        0.9978215098381042,
        0.9304416179656982,
        0.9854943156242371,
        0.9983222484588623
      ],
      [
        0.9969005584716797,
        0.9971871376037598,
        0.9973099231719971,
        0.9976519346237183,
        0.997560977935791,
        1.0000003576278687,
        0.9976354241371155,
        0.9847405552864075,
        0.8721850514411926,
        0.9792251586914062,
        0.9964333176612854,
        0.9927024841308594,
        0.9953640103340149,
        0.9975114464759827,
        0.9983247518539429,
        0.9964788556098938,
        0.998332142829895,
        0.9337009787559509,
        0.9866563677787781,
        0.9979040622711182
      ],
      [
        0.9959393739700317,
        0.996139645576477,
        0.9970723390579224,
        0.9976019859313965,
        0.9974475502967834,
        0.9976354837417603,
        1.0000003576278687,
        0.9833463430404663,
        0.8661265969276428,
        0.9761195182800293,
        0.9959721565246582,
        0.9928979873657227,
        0.9960983991622925,
        0.9980084300041199,
        0.9969155192375183,
        0.995265781879425,
        0.9977537393569946,
        0.9303779006004333,
        0.9855092167854309,
        0.9974902868270874
      ],
      [
        0.9828780293464661,
        0.9818730354309082,
        0.9831355214118958,
        0.98177170753479,
        0.984020471572876,
        0.9847405552864075,
        0.9833463430404663,
        0.9999997615814209,
        0.8781422972679138,
        0.970108151435852,
        0.9816005229949951,
        0.9815291166305542,
        0.9824559092521667,
        0.9844977259635925,
        0.9851802587509155,
        0.9879898428916931,
        0.9846257567405701,
        0.9539902210235596,
        0.9783405661582947,
        0.9838940501213074
      ],
      [
        0.867418646812439,
        0.8689798712730408,
        0.8661699295043945,
        0.8640415072441101,
        0.8652384877204895,
        0.8721850514411926,
        0.8661265969276428,
        0.8781422972679138,
        0.9999994039535522,
        0.8956946730613708,
        0.8721497654914856,
        0.8711575269699097,
        0.8688523769378662,
        0.868218183517456,
        0.8714872598648071,
        0.8738419413566589,
        0.868931770324707,
        0.8865578770637512,
        0.8726940751075745,
        0.8676369786262512
      ],
      [
        0.9790841341018677,
        0.979051411151886,
        0.9769501686096191,
        0.9753981232643127,
        0.9755858778953552,
        0.9792251586914062,
        0.9761195182800293,
        0.970108151435852,
        0.8956946730613708,
        1.0000004768371582,
        0.9809379577636719,
        0.9795446395874023,
        0.9776341915130615,
        0.9759848117828369,
        0.9791260361671448,
        0.9792510867118835,
        0.976021945476532,
        0.9495906233787537,
        0.973911464214325,
        0.9765369892120361
      ],
      [
        0.995500385761261,
        0.9959039092063904,
        0.9953747391700745,
        0.995205283164978,
        0.9944366216659546,
        0.9964333176612854,
        0.9959721565246582,
        0.9816004633903503,
        0.8721497654914856,
        0.9809379577636719,
        1.000000238418579,
        0.9955934882164001,
        0.9956747889518738,
        0.9964321255683899,
        0.9966527223587036,
        0.9944932460784912,
        0.9954189658164978,
        0.9337595105171204,
        0.9849731922149658,
        0.9947707653045654
      ],
      [
        0.992439866065979,
        0.9921531081199646,
        0.991154670715332,
        0.991004228591919,
        0.9904747009277344,
        0.9927024841308594,
        0.9928979873657227,
        0.9815291166305542,
        0.8711575269699097,
        0.9795446395874023,
        0.9955934882164001,
        1.0000001192092896,
        0.9952807426452637,
        0.9949856996536255,
        0.9938797950744629,
        0.993143618106842,
        0.9911653399467468,
        0.9352694153785706,
        0.9824415445327759,
        0.9907863736152649
      ],
      [
        0.994659960269928,
        0.9949386119842529,
        0.994499683380127,
        0.9947556257247925,
        0.9935153722763062,
        0.9953640103340149,
        0.9960983991622925,
        0.9824559092521667,
        0.8688523769378662,
        0.9776341915130615,
        0.9956747889518738,
        0.9952807426452637,
        1.0000004768371582,
        0.996820330619812,
        0.9957313537597656,
        0.9948438405990601,
        0.9942054152488708,
        0.9322910904884338,
        0.9841287732124329,
        0.993694543838501
      ],
      [
        0.9958126544952393,
        0.9963291883468628,
        0.9965450167655945,
        0.9968881607055664,
        0.9961580038070679,
        0.9975114464759827,
        0.9980084300041199,
        0.9844977259635925,
        0.868218183517456,
        0.9759848117828369,
        0.9964321255683899,
        0.9949856996536255,
        0.996820330619812,
        1.0000001192092896,
        0.9977222084999084,
        0.9960982799530029,
        0.9972928762435913,
        0.9330471158027649,
        0.9853037595748901,
        0.9962266087532043
      ],
      [
        0.9961611032485962,
        0.9964084029197693,
        0.9963381290435791,
        0.9963928461074829,
        0.9965826272964478,
        0.9983247518539429,
        0.9969155192375183,
        0.9851802587509155,
        0.8714872598648071,
        0.9791260361671448,
        0.9966527223587036,
        0.9938797950744629,
        0.9957313537597656,
        0.9977222084999084,
        1.0,
        0.9963497519493103,
        0.9974339604377747,
        0.9336296319961548,
        0.9867492914199829,
        0.99688321352005
      ],
      [
        0.9950834512710571,
        0.9949065446853638,
        0.9950293302536011,
        0.9941626191139221,
        0.9946754574775696,
        0.996478796005249,
        0.995265781879425,
        0.9879898428916931,
        0.8738419413566589,
        0.9792510867118835,
        0.9944932460784912,
        0.993143618106842,
        0.9948438405990601,
        0.9960982799530029,
        0.9963497519493103,
        0.9999997019767761,
        0.9956704378128052,
        0.9402369856834412,
        0.9865315556526184,
        0.9952490925788879
      ],
      [
        0.9958119988441467,
        0.9963245391845703,
        0.9974104762077332,
        0.9975160360336304,
        0.9978215098381042,
        0.998332142829895,
        0.9977537393569946,
        0.9846257567405701,
        0.868931770324707,
        0.976021945476532,
        0.9954189658164978,
        0.9911653399467468,
        0.9942054152488708,
        0.9972928762435913,
        0.9974339604377747,
        0.9956704378128052,
        1.000000238418579,
        0.9329326152801514,
        0.9864019155502319,
        0.9976708889007568
      ],
      [
        0.9341937899589539,
        0.9330857396125793,
        0.9327898025512695,
        0.9289162158966064,
        0.9304416179656982,
        0.9337009787559509,
        0.9303777813911438,
        0.9539902210235596,
        0.8865578770637512,
        0.9495906233787537,
        0.9337595105171204,
        0.9352694153785706,
        0.9322910904884338,
        0.9330471158027649,
        0.9336296319961548,
        0.9402369856834412,
        0.9329326152801514,
        1.0000001192092896,
        0.9372634291648865,
        0.9295927286148071
      ],
      [
        0.9845479130744934,
        0.9843080043792725,
        0.9848179221153259,
        0.9848760366439819,
        0.9854943156242371,
        0.9866564273834229,
        0.9855092167854309,
        0.9783406853675842,
        0.8726940751075745,
        0.973911464214325,
        0.9849731922149658,
        0.9824415445327759,
        0.9841287732124329,
        0.9853036999702454,
        0.9867492914199829,
        0.9865315556526184,
        0.9864019155502319,
        0.9372634291648865,
        1.0000005960464478,
        0.9860336184501648
      ],
      [
        0.9958933591842651,
        0.9959262609481812,
        0.9971299767494202,
        0.997380256652832,
        0.9983222484588623,
        0.9979040622711182,
        0.9974902868270874,
        0.9838940501213074,
        0.8676369786262512,
        0.9765369892120361,
        0.9947707653045654,
        0.9907863736152649,
        0.993694543838501,
        0.9962266087532043,
        0.9968833327293396,
        0.9952490925788879,
        0.9976708889007568,
        0.9295927286148071,
        0.9860336184501648,
        0.9999996423721313
      ]
    ],
    "cosine_matrix_a_mean_centered": [
      [
        0.9999999403953552,
        0.3522107005119324,
        0.1746511459350586,
        0.2766091823577881,
        -0.18119971454143524,
        0.21702411770820618,
        -0.11944679915904999,
        -0.30238521099090576,
        -0.058972787111997604,
        0.14303213357925415,
        -0.028095761314034462,
        -0.2108382284641266,
        0.08924491703510284,
        0.04650918021798134,
        0.17865969240665436,
        -0.2015901505947113,
        0.33003464341163635,
        0.017954502254724503,
        -0.18661004304885864,
        -0.25488078594207764
      ],
      [
        0.3522107005119324,
        1.0000001192092896,
        0.2720257639884949,
        0.3758753836154938,
        -0.1656460165977478,
        0.3076595366001129,
        -0.15461289882659912,
        -0.2618471086025238,
        -0.16228201985359192,
        0.02882380597293377,
        0.037344783544540405,
        0.02517007663846016,
        0.11384756863117218,
        0.09179084748029709,
        -0.10037544369697571,
        -0.03549368679523468,
        -0.07806787639856339,
        -0.0878617912530899,
        -0.0901859775185585,
        -0.23344546556472778
      ],
      [
        0.1746511459350586,
        0.2720257639884949,
        0.9999999403953552,
        0.5661731958389282,
        0.44605109095573425,
        -0.06824927031993866,
        0.13298875093460083,
        0.10755029320716858,
        -0.3037424385547638,
        -0.14546093344688416,
        -0.32083559036254883,
        -0.37143373489379883,
        -0.28791794180870056,
        -0.2512598931789398,
        -0.31353288888931274,
        -0.0292191319167614,
        0.007547854445874691,
        -0.17916998267173767,
        -0.32576122879981995,
        -0.14274083077907562
      ],
      [
        0.2766091823577881,
        0.3758753836154938,
        0.5661731958389282,
        1.0,
        0.17010822892189026,
        0.14189781248569489,
        -0.07707875221967697,
        -0.04752441868185997,
        -0.1885141283273697,
        -0.1177603229880333,
        -0.22625510394573212,
        -0.2835293710231781,
        -0.08287370204925537,
        -0.21317234635353088,
        -0.192099466919899,
        0.015053097158670425,
        0.0763622373342514,
        -0.17927595973014832,
        -0.2634761929512024,
        -0.1709752231836319
      ],
      [
        -0.18119971454143524,
        -0.1656460165977478,
        0.44605109095573425,
        0.17010822892189026,
        1.0000001192092896,
        -0.18218404054641724,
        0.05360577255487442,
        0.33074620366096497,
        -0.2861824929714203,
        -0.23692743480205536,
        -0.3391438126564026,
        -0.4532710909843445,
        -0.43403661251068115,
        -0.2922585904598236,
        -0.39913836121559143,
        0.08536674082279205,
        -0.08077175915241241,
        -0.28313955664634705,
        -0.2264111191034317,
        0.07946589589118958
      ],
      [
        0.21702411770820618,
        0.3076595366001129,
        -0.06824927031993866,
        0.14189781248569489,
        -0.18218404054641724,
        1.0,
        -0.34492820501327515,
        -0.2534675896167755,
        0.09828357398509979,
        0.3927311301231384,
        0.08057047426700592,
        -0.10525332391262054,
        0.15157106518745422,
        0.07476997375488281,
        0.1829252988100052,
        0.13047592341899872,
        0.10150279849767685,
        0.13222430646419525,
        -0.10361447185277939,
        -0.4249105453491211
      ],
      [
        -0.11944679915904999,
        -0.15461289882659912,
        0.13298875093460083,
        -0.07707875221967697,
        0.05360577255487442,
        -0.34492820501327515,
        0.9999998211860657,
        0.16004563868045807,
        -0.24982385337352753,
        -0.4222812354564667,
        0.05259989947080612,
        0.16978730261325836,
        0.21273241937160492,
        0.1739479899406433,
        -0.07711081206798553,
        -0.14997024834156036,
        -0.14798259735107422,
        -0.2520318627357483,
        -0.1259329468011856,
        0.02919960208237171
      ],
      [
        -0.30238521099090576,
        -0.2618471384048462,
        0.10755029320716858,
        -0.04752441868185997,
        0.33074620366096497,
        -0.2534675896167755,
        0.16004563868045807,
        1.0,
        -0.15822528302669525,
        -0.38587674498558044,
        -0.2699897289276123,
        -0.18516263365745544,
        -0.1411464810371399,
        -0.14752568304538727,
        -0.14368677139282227,
        0.18741720914840698,
        -0.1338430792093277,
        -0.20659205317497253,
        0.0421641580760479,
        0.02622898295521736
      ],
      [
        -0.058972787111997604,
        -0.16228201985359192,
        -0.3037424385547638,
        -0.1885141283273697,
        -0.2861824929714203,
        0.09828357398509979,
        -0.24982386827468872,
        -0.15822528302669525,
        1.0000001192092896,
        0.22707973420619965,
        -0.00027476716786623,
        0.0016662251437082887,
        -0.043598294258117676,
        -0.08820220828056335,
        0.03942205011844635,
        -0.1114392876625061,
        -0.06238901615142822,
        0.38938096165657043,
        0.03290446475148201,
        -0.13998648524284363
      ],
      [
        0.14303213357925415,
        0.02882380597293377,
        -0.14546093344688416,
        -0.11776033788919449,
        -0.23692743480205536,
        0.3927311301231384,
        -0.4222812354564667,
        -0.38587674498558044,
        0.22707973420619965,
        0.9999999403953552,
        0.10656654089689255,
        -0.027360066771507263,
        -0.0727178230881691,
        -0.04106525331735611,
        0.24820032715797424,
        -0.1319706290960312,
        0.10825782269239426,
        0.24654768407344818,
        0.03714960068464279,
        -0.2465943545103073
      ],
      [
        -0.028095761314034462,
        0.037344783544540405,
        -0.32083559036254883,
        -0.22625510394573212,
        -0.3391438126564026,
        0.08057047426700592,
        0.05259989947080612,
        -0.2699897289276123,
        -0.00027476716786623,
        0.10656654089689255,
        0.9999997615814209,
        0.5203785300254822,
        0.24690908193588257,
        0.2918442487716675,
        0.11748801171779633,
        -0.010978668928146362,
        -0.17062285542488098,
        0.08903364092111588,
        -0.006348222494125366,
        -0.1974918246269226
      ],
      [
        -0.2108382284641266,
        0.02517007663846016,
        -0.37143373489379883,
        -0.2835293710231781,
        -0.4532710909843445,
        -0.10525331646203995,
        0.16978730261325836,
        -0.18516263365745544,
        0.0016662251437082887,
        -0.027360066771507263,
        0.5203785300254822,
        1.0,
        0.37314021587371826,
        0.5008987188339233,
        0.06598339229822159,
        -0.021411962807178497,
        -0.22131328284740448,
        0.04871290549635887,
        0.07022131234407425,
        -0.08964378386735916
      ],
      [
        0.08924491703510284,
        0.11384756863117218,
        -0.28791794180870056,
        -0.08287370204925537,
        -0.43403661251068115,
        0.15157106518745422,
        0.21273241937160492,
        -0.1411464810371399,
        -0.043598294258117676,
        -0.0727178230881691,
        0.24690908193588257,
        0.37314021587371826,
        0.9999997615814209,
        0.5195679068565369,
        0.22415515780448914,
        0.10490787029266357,
        0.09854737669229507,
        -0.035531409084796906,
        0.013006052002310753,
        -0.35617098212242126
      ],
      [
        0.04650918021798134,
        0.09179084748029709,
        -0.2512598931789398,
        -0.21317234635353088,
        -0.2922585904598236,
        0.07476997375488281,
        0.1739479899406433,
        -0.14752568304538727,
        -0.08820220828056335,
        -0.04106525331735611,
        0.2918442487716675,
        0.5008987188339233,
        0.5195679068565369,
        1.000000238418579,
        0.11599435657262802,
        0.22240059077739716,
        0.08813990652561188,
        -0.0005413610488176346,
        -0.08478571474552155,
        -0.38484886288642883
      ],
      [
        0.17865969240665436,
        -0.10037544369697571,
        -0.31353288888931274,
        -0.192099466919899,
        -0.39913836121559143,
        0.1829252988100052,
        -0.07711081206798553,
        -0.14368677139282227,
        0.03942205011844635,
        0.24820032715797424,
        0.11748801171779633,
        0.06598339229822159,
        0.22415515780448914,
        0.11599435657262802,
        1.000000238418579,
        -0.14510147273540497,
        0.3066383898258209,
        0.03466906398534775,
        0.012859013862907887,
        -0.14980068802833557
      ],
      [
        -0.2015901505947113,
        -0.03549368679523468,
        -0.0292191319167614,
        0.015053097158670425,
        0.08536674082279205,
        0.13047592341899872,
        -0.14997023344039917,
        0.18741720914840698,
        -0.1114392876625061,
        -0.1319706290960312,
        -0.010978668928146362,
        -0.021411962807178497,
        0.10490786284208298,
        0.22240059077739716,
        -0.14510147273540497,
        1.0,
        0.03223608806729317,
        -0.12794984877109528,
        -0.01928912103176117,
        -0.21278053522109985
      ],
      [
        0.33003464341163635,
        -0.07806787639856339,
        0.007547854445874691,
        0.0763622373342514,
        -0.08077175915241241,
        0.10150279849767685,
        -0.14798259735107422,
        -0.1338430792093277,
        -0.06238901615142822,
        0.10825782269239426,
        -0.17062285542488098,
        -0.22131328284740448,
        0.09854737669229507,
        0.08813990652561188,
        0.3066383898258209,
        0.03223608806729317,
        1.0,
        0.005333933979272842,
        -0.14433035254478455,
        -0.2054429054260254
      ],
      [
        0.017954502254724503,
        -0.0878617912530899,
        -0.17916998267173767,
        -0.17927595973014832,
        -0.28313955664634705,
        0.13222430646419525,
        -0.2520318627357483,
        -0.20659205317497253,
        0.38938096165657043,
        0.24654768407344818,
        0.08903364092111588,
        0.04871290549635887,
        -0.035531409084796906,
        -0.0005413610488176346,
        0.03466906398534775,
        -0.12794984877109528,
        0.005333933979272842,
        0.9999998807907104,
        -0.03019076958298683,
        -0.2213432490825653
      ],
      [
        -0.18661004304885864,
        -0.0901859775185585,
        -0.32576122879981995,
        -0.2634761929512024,
        -0.2264111191034317,
        -0.10361447185277939,
        -0.1259329468011856,
        0.0421641580760479,
        0.03290446475148201,
        0.03714960068464279,
        -0.006348222494125366,
        0.07022131234407425,
        0.013006052002310753,
        -0.08478571474552155,
        0.012859013862907887,
        -0.01928912103176117,
        -0.14433035254478455,
        -0.03019076958298683,
        1.0,
        0.013442776165902615
      ],
      [
        -0.25488078594207764,
        -0.23344546556472778,
        -0.14274083077907562,
        -0.1709752231836319,
        0.07946591079235077,
        -0.4249105453491211,
        0.02919960208237171,
        0.02622898295521736,
        -0.13998648524284363,
        -0.2465943545103073,
        -0.1974918246269226,
        -0.08964378386735916,
        -0.35617098212242126,
        -0.38484886288642883,
        -0.14980068802833557,
        -0.21278053522109985,
        -0.2054429054260254,
        -0.2213432490825653,
        0.013442776165902615,
        1.0
      ]
    ],
    "cosine_matrix_b_mean_centered": [
      [
        1.0000001192092896,
        0.6560332179069519,
        0.5459981560707092,
        0.524109959602356,
        0.3402550220489502,
        0.46677958965301514,
        0.377686470746994,
        -0.20111922919750214,
        -0.5453660488128662,
        -0.24673569202423096,
        0.2965551018714905,
        0.10966300964355469,
        0.2688598930835724,
        0.32092735171318054,
        0.3521243631839752,
        0.18652184307575226,
        0.30581945180892944,
        -0.4562264084815979,
        -0.2033785730600357,
        0.40994104743003845
      ],
      [
        0.6560332179069519,
        1.0,
        0.6663037538528442,
        0.5683695673942566,
        0.31850719451904297,
        0.4926336705684662,
        0.38961702585220337,
        -0.30593767762184143,
        -0.5131586194038391,
        -0.25485366582870483,
        0.3438720703125,
        0.06150675192475319,
        0.29152601957321167,
        0.38599443435668945,
        0.3705267012119293,
        0.13485568761825562,
        0.3740119934082031,
        -0.5008399486541748,
        -0.2283162772655487,
        0.3937947154045105
      ],
      [
        0.5459981560707092,
        0.6663037538528442,
        1.0000003576278687,
        0.7288974523544312,
        0.5744082927703857,
        0.49924203753471375,
        0.5287139415740967,
        -0.21194474399089813,
        -0.5869100689888,
        -0.4005507826805115,
        0.252368301153183,
        -0.06694985181093216,
        0.2213340848684311,
        0.4122696816921234,
        0.3434786796569824,
        0.14520974457263947,
        0.553574800491333,
        -0.5084037780761719,
        -0.18290501832962036,
        0.5608711838722229
      ],
      [
        0.524109959602356,
        0.5683695673942566,
        0.7288974523544312,
        0.9999999403953552,
        0.6045493483543396,
        0.6371023058891296,
        0.653922975063324,
        -0.24784506857395172,
        -0.6022701859474182,
        -0.4598637521266937,
        0.28704074025154114,
        -0.021198080852627754,
        0.312248557806015,
        0.5264899730682373,
        0.4339351952075958,
        0.0863223746418953,
        0.6079398393630981,
        -0.6136183142662048,
        -0.15655627846717834,
        0.6451475024223328
      ],
      [
        0.3402550220489502,
        0.31850719451904297,
        0.5744082927703857,
        0.6045493483543396,
        1.0000001192092896,
        0.6227951645851135,
        0.6320734620094299,
        -0.07524006813764572,
        -0.5729119777679443,
        -0.44716310501098633,
        0.17645853757858276,
        -0.07911500334739685,
        0.15342050790786743,
        0.41468387842178345,
        0.46605995297431946,
        0.16702182590961456,
        0.6558368802070618,
        -0.561924934387207,
        -0.10976138710975647,
        0.7733988165855408
      ],
      [
        0.46677958965301514,
        0.4926336705684662,
        0.49924203753471375,
        0.6371023058891296,
        0.6227951645851135,
        0.9999999403953552,
        0.5613337755203247,
        -0.17927658557891846,
