{
  "persona_names": [
    "cybersec_consultant",
    "pentester",
    "software_engineer",
    "data_scientist",
    "helpful_assistant",
    "private_investigator",
    "medical_doctor",
    "kindergarten_teacher",
    "poet",
    "villain",
    "navy_seal",
    "army_medic",
    "surgeon",
    "paramedic",
    "police_officer",
    "florist",
    "librarian",
    "comedian",
    "french_person",
    "no_persona"
  ],
  "matrix": [
    [
      1.0000003576278687,
      0.992744505405426,
      0.987766444683075,
      0.9914097189903259,
      0.9482126235961914,
      0.9923368096351624,
      0.9821637868881226,
      0.9780181050300598,
      0.9737502932548523,
      0.9861859083175659,
      0.9871091246604919,
      0.9843767881393433,
      0.9905151724815369,
      0.9906182289123535,
      0.9901161789894104,
      0.9857176542282104,
      0.9921655654907227,
      0.9816870093345642,
      0.9717956185340881,
      0.9176207184791565
    ],
    [
      0.992744505405426,
      0.9999998807907104,
      0.9887552261352539,
      0.9922189116477966,
      0.9477025866508484,
      0.9927807450294495,
      0.9809778332710266,
      0.9778502583503723,
      0.9708496332168579,
      0.9838514924049377,
      0.9873859882354736,
      0.9868965744972229,
      0.9902732372283936,
      0.9905535578727722,
      0.9861323833465576,
      0.9870575070381165,
      0.986786425113678,
      0.979202926158905,
      0.9730092287063599,
      0.9172961711883545
    ],
    [
      0.9877663850784302,
      0.9887552261352539,
      0.9999998807907104,
      0.9929263591766357,
      0.9672167897224426,
      0.9851781129837036,
      0.9827588200569153,
      0.9810103178024292,
      0.9625906944274902,
      0.976922869682312,
      0.9781110882759094,
      0.9767385721206665,
      0.9815231561660767,
      0.9828118085861206,
      0.9789079427719116,
      0.9835124611854553,
      0.98435378074646,
      0.9732252359390259,
      0.962594211101532,
      0.9160081148147583
    ],
    [
      0.9914097189903259,
      0.9922189116477966,
      0.9929263591766357,
      0.9999998211860657,
      0.9575520157814026,
      0.9904162883758545,
      0.981674075126648,
      0.9807043075561523,
      0.9692928791046143,
      0.9806016087532043,
      0.9831566214561462,
      0.9819545745849609,
      0.987444281578064,
      0.986653208732605,
      0.9841535091400146,
      0.9869562387466431,
      0.9880543947219849,
      0.97661292552948,
      0.9680909514427185,
      0.9184238314628601
    ],
    [
      0.9482126235961914,
      0.9477025866508484,
      0.9672167897224426,
      0.9575520157814026,
      1.0000003576278687,
      0.9487768411636353,
      0.9524604082107544,
      0.9619810581207275,
      0.9223248362541199,
      0.9371129274368286,
      0.9404772520065308,
      0.9362260699272156,
      0.9415853023529053,
      0.9469069838523865,
      0.9386922121047974,
      0.9545844793319702,
      0.9498915076255798,
      0.9313802719116211,
      0.9253700375556946,
      0.899172306060791
    ],
    [
      0.9923368096351624,
      0.9927807450294495,
      0.9851781129837036,
      0.990416407585144,
      0.9487768411636353,
      1.0000001192092896,
      0.9801817536354065,
      0.9798847436904907,
      0.9774888753890991,
      0.9901533722877502,
      0.9892929196357727,
      0.9868513345718384,
      0.9919549226760864,
      0.9917625784873962,
      0.9907975196838379,
      0.9902528524398804,
      0.9902243614196777,
      0.9840964674949646,
      0.9741477370262146,
      0.9127413630485535
    ],
    [
      0.9821637868881226,
      0.9809778332710266,
      0.9827588200569153,
      0.981674075126648,
      0.9524604082107544,
      0.9801817536354065,
      1.0,
      0.981185257434845,
      0.9626270532608032,
      0.9699122905731201,
      0.9827514886856079,
      0.9843053221702576,
      0.9871398210525513,
      0.9869440197944641,
      0.9813209772109985,
      0.9804460406303406,
      0.980487585067749,
      0.9703383445739746,
      0.9674102067947388,
      0.9250118732452393
    ],
    [
      0.9780181050300598,
      0.9778502583503723,
      0.9810103178024292,
      0.9807043075561523,
      0.9619810581207275,
      0.9798847436904907,
      0.981185257434845,
      1.0000001192092896,
      0.9636008739471436,
      0.9686744809150696,
      0.9759001731872559,
      0.9770165085792542,
      0.9808188080787659,
      0.9814260005950928,
      0.9788470268249512,
      0.984843373298645,
      0.9794309139251709,
      0.9696062207221985,
      0.9703100323677063,
      0.9223988056182861
    ],
    [
      0.9737502932548523,
      0.9708496332168579,
      0.9625906944274902,
      0.9692928791046143,
      0.9223248362541199,
      0.9774888753890991,
      0.9626270532608032,
      0.9636008739471436,
      0.9999997019767761,
      0.9760437607765198,
      0.9731773138046265,
      0.9730119109153748,
      0.9743924140930176,
      0.9741802215576172,
      0.9744480848312378,
      0.970992922782898,
      0.972494900226593,
      0.9795089960098267,
      0.9622226357460022,
      0.9028788208961487
    ],
    [
      0.9861859083175659,
      0.9838514924049377,
      0.9769228100776672,
      0.9806016087532043,
      0.9371129274368286,
      0.9901533722877502,
      0.9699122905731201,
      0.9686744809150696,
      0.9760437607765198,
      0.9999999403953552,
      0.9841718077659607,
      0.9816146492958069,
      0.9832955598831177,
      0.9844040274620056,
      0.986811637878418,
      0.9802930951118469,
      0.9847354888916016,
      0.981685221195221,
      0.9707795977592468,
      0.9080084562301636
    ],
    [
      0.9871091246604919,
      0.9873860478401184,
      0.9781110882759094,
      0.9831566214561462,
      0.9404772520065308,
      0.9892929196357727,
      0.9827514886856079,
      0.9759002923965454,
      0.9731773138046265,
      0.9841718673706055,
      0.9999996423721313,
      0.9928132891654968,
      0.9905828237533569,
      0.991495668888092,
      0.9877164959907532,
      0.9861348867416382,
      0.984086811542511,
      0.9813874363899231,
      0.9738353490829468,
      0.9171523451805115
    ],
    [
      0.9843767881393433,
      0.9868965744972229,
      0.9767385721206665,
      0.9819545745849609,
      0.9362260699272156,
      0.9868513345718384,
      0.9843053221702576,
      0.9770165085792542,
      0.9730119109153748,
      0.9816147089004517,
      0.9928132891654968,
      1.0000001192092896,
      0.991824746131897,
      0.9936373829841614,
      0.9866855144500732,
      0.9857315421104431,
      0.9829356670379639,
      0.9804410338401794,
      0.9756958484649658,
      0.9219341278076172
    ],
    [
      0.9905151724815369,
      0.9902732372283936,
      0.9815231561660767,
      0.987444281578064,
      0.9415853023529053,
      0.9919549226760864,
      0.9871398210525513,
      0.9808188080787659,
      0.9743924140930176,
      0.9832955598831177,
      0.9905827641487122,
      0.991824746131897,
      1.0,
      0.9953062534332275,
      0.9908312559127808,
      0.9896327257156372,
      0.9896603226661682,
      0.9811370372772217,
      0.9763314723968506,
      0.9146203994750977
    ],
    [
      0.9906182289123535,
      0.9905535578727722,
      0.9828118085861206,
      0.986653208732605,
      0.9469069838523865,
      0.9917625784873962,
      0.9869440197944641,
      0.9814260005950928,
      0.9741802215576172,
      0.9844040274620056,
      0.991495668888092,
      0.9936373829841614,
      0.9953062534332275,
      0.9999999403953552,
      0.9900609850883484,
      0.9914536476135254,
      0.9900628328323364,
      0.9823154807090759,
      0.975077748298645,
      0.914965808391571
    ],
    [
      0.9901161789894104,
      0.9861323833465576,
      0.9789079427719116,
      0.9841534495353699,
      0.9386922121047974,
      0.9907975196838379,
      0.9813209772109985,
      0.9788470268249512,
      0.9744480848312378,
      0.986811637878418,
      0.9877164959907532,
      0.9866855144500732,
      0.9908312559127808,
      0.9900609850883484,
      0.9999995231628418,
      0.9847437739372253,
      0.9909300804138184,
      0.9806106686592102,
      0.974431037902832,
      0.9194495677947998
    ],
    [
      0.9857176542282104,
      0.9870575070381165,
      0.9835124611854553,
      0.9869562387466431,
      0.9545844793319702,
      0.9902528524398804,
      0.9804460406303406,
      0.984843373298645,
      0.970992922782898,
      0.9802930951118469,
      0.9861348867416382,
      0.9857315421104431,
      0.9896327257156372,
      0.9914536476135254,
      0.9847437739372253,
      0.9999995827674866,
      0.9874562621116638,
      0.9775148630142212,
      0.973546028137207,
      0.9165279269218445
    ],
    [
      0.9921655654907227,
      0.986786425113678,
      0.98435378074646,
      0.9880543947219849,
      0.9498915076255798,
      0.9902243614196777,
      0.980487585067749,
      0.9794309139251709,
      0.972494900226593,
      0.9847354888916016,
      0.984086811542511,
      0.9829356670379639,
      0.9896603226661682,
      0.9900628328323364,
      0.9909300804138184,
      0.9874562621116638,
      1.000000238418579,
      0.9804085493087769,
      0.971288800239563,
      0.9176876544952393
    ],
    [
      0.9816870093345642,
      0.979202926158905,
      0.9732252359390259,
      0.97661292552948,
      0.9313802719116211,
      0.9840964674949646,
      0.9703383445739746,
      0.9696062207221985,
      0.9795089960098267,
      0.981685221195221,
      0.9813873767852783,
      0.9804410338401794,
      0.9811370372772217,
      0.9823154807090759,
      0.9806106686592102,
      0.9775148630142212,
      0.9804085493087769,
      1.0,
      0.9662010669708252,
      0.9056753516197205
    ],
    [
      0.9717956185340881,
      0.9730092287063599,
      0.962594211101532,
      0.9680909514427185,
      0.9253700375556946,
      0.9741477370262146,
      0.9674102067947388,
      0.9703100323677063,
      0.9622226357460022,
      0.9707797169685364,
      0.9738353490829468,
      0.9756958484649658,
      0.9763314723968506,
      0.975077748298645,
      0.974431037902832,
      0.973546028137207,
      0.971288800239563,
      0.9662010669708252,
      1.0,
      0.9137653112411499
    ],
    [
      0.9176207184791565,
      0.9172961711883545,
      0.9160081148147583,
      0.9184238314628601,
      0.899172306060791,
      0.9127413630485535,
      0.9250118732452393,
      0.9223988056182861,
      0.9028788208961487,
      0.9080084562301636,
      0.9171523451805115,
      0.9219341278076172,
      0.9146203994750977,
      0.914965808391571,
      0.9194495677947998,
      0.9165279269218445,
      0.9176876544952393,
      0.9056753516197205,
      0.9137653112411499,
      0.9999997019767761
    ]
  ]
}