{
  "persona_names": [
    "cybersec_consultant",
    "pentester",
    "software_engineer",
    "data_scientist",
    "helpful_assistant",
    "private_investigator",
    "medical_doctor",
    "kindergarten_teacher",
    "poet",
    "villain",
    "navy_seal",
    "army_medic",
    "surgeon",
    "paramedic",
    "police_officer",
    "florist",
    "librarian",
    "comedian",
    "french_person",
    "no_persona"
  ],
  "matrix": [
    [
      0.9999996423721313,
      0.9966628551483154,
      0.9885086417198181,
      0.9889195561408997,
      0.9599796533584595,
      0.9878302812576294,
      0.9906288981437683,
      0.9400457143783569,
      0.8332844376564026,
      0.8718599081039429,
      0.9849076867103577,
      0.9669063687324524,
      0.9854122400283813,
      0.9923500418663025,
      0.9892838001251221,
      0.9856572151184082,
      0.9813092350959778,
      0.7514179944992065,
      0.8153560757637024,
      0.9656517505645752
    ],
    [
      0.9966628551483154,
      0.9999998807907104,
      0.9864349961280823,
      0.986990749835968,
      0.9560421705245972,
      0.9867733716964722,
      0.9890184998512268,
      0.9392659664154053,
      0.8331810832023621,
      0.8736985921859741,
      0.9866652488708496,
      0.9702035784721375,
      0.9892285466194153,
      0.9932805895805359,
      0.9897713661193848,
      0.988637387752533,
      0.9779160022735596,
      0.7548909783363342,
      0.8153866529464722,
      0.960872232913971
    ],
    [
      0.9885086417198181,
      0.9864349961280823,
      0.9999999403953552,
      0.9978219270706177,
      0.9841469526290894,
      0.9917558431625366,
      0.9931926131248474,
      0.9380804300308228,
      0.8298826217651367,
      0.8533869385719299,
      0.9752903580665588,
      0.9473004937171936,
      0.9684416055679321,
      0.9913136959075928,
      0.9821062088012695,
      0.9720599055290222,
      0.9941689968109131,
      0.7592296004295349,
      0.8127802610397339,
      0.9876033663749695
    ],
    [
      0.9889195561408997,
      0.986990749835968,
      0.9978219270706177,
      1.0000001192092896,
      0.9827748537063599,
      0.9924003481864929,
      0.9948502779006958,
      0.9332709908485413,
      0.8311917185783386,
      0.853655993938446,
      0.9760405421257019,
      0.9472286701202393,
      0.9698346257209778,
      0.9917778372764587,
      0.9819031953811646,
      0.9710515141487122,
      0.993050217628479,
      0.7524302005767822,
      0.8107163906097412,
      0.9863830208778381
    ],
    [
      0.9599796533584595,
      0.9560421705245972,
      0.9841469526290894,
      0.9827748537063599,
      1.0000001192092896,
      0.9740451574325562,
      0.9758565425872803,
      0.911810576915741,
      0.813503623008728,
      0.8323043584823608,
      0.9445186853408813,
      0.9105737209320068,
      0.931906521320343,
      0.9670730829238892,
      0.9559312462806702,
      0.9369417428970337,
      0.9833233952522278,
      0.749480128288269,
      0.7909724116325378,
      0.9930784106254578
    ],
    [
      0.9878302812576294,
      0.9867733716964722,
      0.9917558431625366,
      0.9924003481864929,
      0.9740451574325562,
      1.0000001192092896,
      0.9899202585220337,
      0.9410519599914551,
      0.8457930088043213,
      0.876007080078125,
      0.9812966585159302,
      0.9552513957023621,
      0.971981942653656,
      0.9905890226364136,
      0.9853988885879517,
      0.9757262468338013,
      0.9915632605552673,
      0.7655418515205383,
      0.8210933208465576,
      0.9795914888381958
    ],
    [
      0.9906288981437683,
      0.9890184998512268,
      0.9931926131248474,
      0.9948502779006958,
      0.9758565425872803,
      0.9899202585220337,
      1.0000003576278687,
      0.9325762987136841,
      0.8316560983657837,
      0.8582432270050049,
      0.9823074340820312,
      0.9598146677017212,
      0.9811235666275024,
      0.9954470992088318,
      0.9882005453109741,
      0.9758746027946472,
      0.9875022768974304,
      0.7436951994895935,
      0.8105379343032837,
      0.9804187417030334
    ],
    [
      0.9400457143783569,
      0.9392659664154053,
      0.9380804300308228,
      0.9332709908485413,
      0.911810576915741,
      0.9410519599914551,
      0.9325762987136841,
      0.9999996423721313,
      0.8136414289474487,
      0.8363909125328064,
      0.9306327104568481,
      0.9190446734428406,
      0.9285680055618286,
      0.9434754848480225,
      0.940945565700531,
      0.9549503326416016,
      0.9468619227409363,
      0.764521598815918,
      0.8199194073677063,
      0.9230549335479736
    ],
    [
      0.8332844376564026,
      0.8331810832023621,
      0.8298826217651367,
      0.8311917185783386,
      0.813503623008728,
      0.8457930088043213,
      0.8316560983657837,
      0.8136414289474487,
      1.0000001192092896,
      0.8305914402008057,
      0.8321055173873901,
      0.8217988014221191,
      0.8279753923416138,
      0.833564043045044,
      0.8334560990333557,
      0.8339192271232605,
      0.8344699740409851,
      0.7259101867675781,
      0.7406153678894043,
      0.8205857872962952
    ],
    [
      0.8718599081039429,
      0.8736985921859741,
      0.8533869385719299,
      0.853655993938446,
      0.8323043584823608,
      0.876007080078125,
      0.8582432270050049,
      0.8363909125328064,
      0.8305914402008057,
      1.0000001192092896,
      0.8788800835609436,
      0.8736526370048523,
      0.8699784874916077,
      0.8629405498504639,
      0.8697050213813782,
      0.8723095059394836,
      0.8533743619918823,
      0.7794725894927979,
      0.775444507598877,
      0.837093710899353
    ],
    [
      0.9849076867103577,
      0.9866652488708496,
      0.9752903580665588,
      0.9760405421257019,
      0.9445186853408813,
      0.9812966585159302,
      0.9823074340820312,
      0.9306327104568481,
      0.8321055173873901,
      0.8788800835609436,
      1.0000005960464478,
      0.9862262606620789,
      0.986445963382721,
      0.9881798624992371,
      0.9878044128417969,
      0.9771652221679688,
      0.9672060608863831,
      0.750697135925293,
      0.8118088245391846,
      0.9524125456809998
    ],
    [
      0.9669063687324524,
      0.9702035784721375,
      0.9473004937171936,
      0.9472286701202393,
      0.9105737209320068,
      0.9552513957023621,
      0.9598146677017212,
      0.9190446734428406,
      0.8217988014221191,
      0.8736525774002075,
      0.9862262606620789,
      0.9999997615814209,
      0.9824341535568237,
      0.9711795449256897,
      0.9758191108703613,
      0.9672210216522217,
      0.9379692077636719,
      0.7351495027542114,
      0.8028642535209656,
      0.9197098612785339
    ],
    [
      0.9854122400283813,
      0.9892285466194153,
      0.9684416055679321,
      0.9698346257209778,
      0.931906521320343,
      0.971981942653656,
      0.9811235666275024,
      0.9285680055618286,
      0.8279753923416138,
      0.8699784874916077,
      0.986445963382721,
      0.9824341535568237,
      0.9999993443489075,
      0.9871713519096375,
      0.9874692559242249,
      0.9860475659370422,
      0.9581232070922852,
      0.7347654700279236,
      0.8093856573104858,
      0.9386709928512573
    ],
    [
      0.9923500418663025,
      0.9932805895805359,
      0.9913136959075928,
      0.9917778372764587,
      0.9670730829238892,
      0.9905890226364136,
      0.9954470992088318,
      0.9434754848480225,
      0.833564043045044,
      0.8629405498504639,
      0.9881798624992371,
      0.9711795449256897,
      0.9871713519096375,
      0.9999998211860657,
      0.992852509021759,
      0.9847408533096313,
      0.9866620898246765,
      0.7531459331512451,
      0.8161033391952515,
      0.9730896353721619
    ],
    [
      0.9892838001251221,
      0.9897713661193848,
      0.9821062088012695,
      0.9819031357765198,
      0.9559312462806702,
      0.9853988885879517,
      0.9882005453109741,
      0.940945565700531,
      0.8334560990333557,
      0.8697050213813782,
      0.9878044128417969,
      0.9758191108703613,
      0.9874692559242249,
      0.992852509021759,
      1.0000001192092896,
      0.9836262464523315,
      0.9780750274658203,
      0.7538341283798218,
      0.8175026774406433,
      0.9638985395431519
    ],
    [
      0.9856572151184082,
      0.988637387752533,
      0.9720599055290222,
      0.9710515141487122,
      0.9369417428970337,
      0.9757262468338013,
      0.9758746027946472,
      0.9549503326416016,
      0.8339192271232605,
      0.8723095059394836,
      0.9771652221679688,
      0.9672210216522217,
      0.9860475659370422,
      0.9847408533096313,
      0.9836262464523315,
      0.9999998807907104,
      0.9692867398262024,
      0.7617965936660767,
      0.8259784579277039,
      0.9442918300628662
    ],
    [
      0.9813092350959778,
      0.9779160022735596,
      0.9941689968109131,
      0.993050217628479,
      0.9833233952522278,
      0.9915632605552673,
      0.9875022768974304,
      0.9468619227409363,
      0.8344699740409851,
      0.8533743619918823,
      0.9672060608863831,
      0.9379692077636719,
      0.9581232070922852,
      0.9866620898246765,
      0.9780750274658203,
      0.9692867398262024,
      1.000000238418579,
      0.7665145397186279,
      0.819225549697876,
      0.9895409345626831
    ],
    [
      0.7514179944992065,
      0.7548909783363342,
      0.7592296004295349,
      0.7524302005767822,
      0.749480128288269,
      0.7655418515205383,
      0.7436951994895935,
      0.7645216584205627,
      0.7259101867675781,
      0.7794725894927979,
      0.750697135925293,
      0.7351495027542114,
      0.7347654700279236,
      0.7531459331512451,
      0.7538341283798218,
      0.7617965936660767,
      0.7665145397186279,
      1.0000003576278687,
      0.6795220375061035,
      0.7514854073524475
    ],
    [
      0.8153560757637024,
      0.8153866529464722,
      0.8127802610397339,
      0.8107163906097412,
      0.7909724116325378,
      0.8210933208465576,
      0.8105379343032837,
      0.8199194073677063,
      0.7406153678894043,
      0.775444507598877,
      0.8118088245391846,
      0.8028642535209656,
      0.8093856573104858,
      0.8161033391952515,
      0.8175026774406433,
      0.8259784579277039,
      0.819225549697876,
      0.6795220375061035,
      1.000000238418579,
      0.8042948842048645
    ],
    [
      0.9656517505645752,
      0.960872232913971,
      0.9876033663749695,
      0.9863830208778381,
      0.9930784106254578,
      0.9795914888381958,
      0.9804187417030334,
      0.9230549335479736,
      0.8205857872962952,
      0.837093710899353,
      0.9524125456809998,
      0.9197098612785339,
      0.9386709928512573,
      0.9730896353721619,
      0.9638985395431519,
      0.9442918300628662,
      0.9895409345626831,
      0.7514854073524475,
      0.8042948842048645,
      0.9999998211860657
    ]
  ]
}