{
  "persona_names": [
    "cybersec_consultant",
    "pentester",
    "software_engineer",
    "data_scientist",
    "helpful_assistant",
    "private_investigator",
    "medical_doctor",
    "kindergarten_teacher",
    "poet",
    "villain",
    "navy_seal",
    "army_medic",
    "surgeon",
    "paramedic",
    "police_officer",
    "florist",
    "librarian",
    "comedian",
    "french_person",
    "no_persona"
  ],
  "matrix": [
    [
      1.0000005960464478,
      0.9984794855117798,
      0.997734785079956,
      0.9976075887680054,
      0.9952574968338013,
      0.9977334141731262,
      0.9971335530281067,
      0.9759449362754822,
      0.8608928322792053,
      0.9743521213531494,
      0.9960218071937561,
      0.9915654063224792,
      0.9957859516143799,
      0.9968568086624146,
      0.9970141053199768,
      0.9953035712242126,
      0.9970468282699585,
      0.9320528507232666,
      0.9676332473754883,
      0.9968380928039551
    ],
    [
      0.9984794855117798,
      0.9999991059303284,
      0.9988437294960022,
      0.9984791278839111,
      0.9964357614517212,
      0.9985049366950989,
      0.9980221390724182,
      0.9761406779289246,
      0.861927330493927,
      0.973834216594696,
      0.9965203404426575,
      0.9916014671325684,
      0.9963380098342896,
      0.9977311491966248,
      0.9976048469543457,
      0.9959504008293152,
      0.9980770945549011,
      0.9316860437393188,
      0.9685820937156677,
      0.9978930950164795
    ],
    [
      0.997734785079956,
      0.9988437294960022,
      1.0000001192092896,
      0.9988774061203003,
      0.9974648356437683,
      0.9981492757797241,
      0.9982131123542786,
      0.9771944880485535,
      0.8584628701210022,
      0.9712904691696167,
      0.9956969022750854,
      0.9903607368469238,
      0.9957374930381775,
      0.997542679309845,
      0.997125506401062,
      0.9958105683326721,
      0.998415470123291,
      0.9317924380302429,
      0.967879593372345,
      0.9982240796089172
    ],
    [
      0.9976075887680054,
      0.9984791278839111,
      0.9988773465156555,
      1.000000238418579,
      0.9972051382064819,
      0.998519241809845,
      0.998652458190918,
      0.975864052772522,
      0.8589866161346436,
      0.971618115901947,
      0.9958590269088745,
      0.9906953573226929,
      0.996073305606842,
      0.9978652596473694,
      0.9972172975540161,
      0.9952636957168579,
      0.9985036253929138,
      0.9295921921730042,
      0.9685623645782471,
      0.998420774936676
    ],
    [
      0.9952574968338013,
      0.9964357614517212,
      0.9974648356437683,
      0.9972051382064819,
      1.0000003576278687,
      0.9971089363098145,
      0.9976363182067871,
      0.9774605631828308,
      0.8553071022033691,
      0.9689861536026001,
      0.993648111820221,
      0.988652229309082,
      0.9939414262771606,
      0.9963704347610474,
      0.9962687492370605,
      0.9943205714225769,
      0.9979085922241211,
      0.9298005700111389,
      0.9676619172096252,
      0.9985799193382263
    ],
    [
      0.9977334141731262,
      0.9985049366950989,
      0.9981492757797241,
      0.998519241809845,
      0.9971089363098145,
      1.000000238418579,
      0.9984245896339417,
      0.977679431438446,
      0.8665051460266113,
      0.9757903218269348,
      0.9967445731163025,
      0.9920699596405029,
      0.9964099526405334,
      0.9980558753013611,
      0.9984250664710999,
      0.9966859221458435,
      0.9988676309585571,
      0.9340407848358154,
      0.9702406525611877,
      0.9986520409584045
    ],
    [
      0.9971335530281067,
      0.9980221390724182,
      0.9982131123542786,
      0.998652458190918,
      0.9976363182067871,
      0.9984245896339417,
      1.000000238418579,
      0.9764769077301025,
      0.8595070242881775,
      0.9716747999191284,
      0.9960678815841675,
      0.9920090436935425,
      0.9971109628677368,
      0.9985074400901794,
      0.9974958300590515,
      0.9955167770385742,
      0.998557984828949,
      0.9290145635604858,
      0.9688236117362976,
      0.998691737651825
    ],
    [
      0.9759449362754822,
      0.9761406779289246,
      0.9771944880485535,
      0.975864052772522,
      0.9774605631828308,
      0.977679431438446,
      0.9764769077301025,
      1.0000004768371582,
      0.8633099794387817,
      0.9521634578704834,
      0.9724283814430237,
      0.9706687331199646,
      0.9748139381408691,
      0.97770756483078,
      0.9782029986381531,
      0.9824818968772888,
      0.9798343181610107,
      0.945835292339325,
      0.9544945359230042,
      0.9781274199485779
    ],
    [
      0.8608928322792053,
      0.861927330493927,
      0.8584628701210022,
      0.8589866161346436,
      0.8553071022033691,
      0.8665051460266113,
      0.8595070242881775,
      0.8633099794387817,
      1.0000004768371582,
      0.8893482089042664,
      0.8642640113830566,
      0.8636703491210938,
      0.8626086115837097,
      0.8604746460914612,
      0.8630038499832153,
      0.867725133895874,
      0.8620752692222595,
      0.8553974628448486,
      0.8534800410270691,
      0.8611186742782593
    ],
    [
      0.9743521213531494,
      0.973834216594696,
      0.9712904691696167,
      0.971618115901947,
      0.9689861536026001,
      0.9757903218269348,
      0.9716747999191284,
      0.9521634578704834,
      0.8893482089042664,
      1.0000001192092896,
      0.9766308665275574,
      0.9730486273765564,
      0.9729210138320923,
      0.9711664319038391,
      0.9731032848358154,
      0.9722365140914917,
      0.971840500831604,
      0.9365463852882385,
      0.9514445662498474,
      0.9719139337539673
    ],
    [
      0.9960218071937561,
      0.9965203404426575,
      0.9956969022750854,
      0.9958590269088745,
      0.993648111820221,
      0.9967445731163025,
      0.9960678815841675,
      0.9724283814430237,
      0.8642640113830566,
      0.9766308665275574,
      0.9999995231628418,
      0.9956579208374023,
      0.9957703948020935,
      0.996589720249176,
      0.9965603947639465,
      0.9935155510902405,
      0.9954988956451416,
      0.9319157600402832,
      0.967408299446106,
      0.9953411817550659
    ],
    [
      0.9915654063224792,
      0.9916014671325684,
      0.9903607368469238,
      0.9906953573226929,
      0.988652229309082,
      0.9920699596405029,
      0.9920090436935425,
      0.9706687331199646,
      0.863670289516449,
      0.9730486273765564,
      0.9956579208374023,
      0.9999999403953552,
      0.9944378733634949,
      0.99462890625,
      0.9929947257041931,
      0.9904806613922119,
      0.9907599091529846,
      0.9304552674293518,
      0.9637196063995361,
      0.9905461072921753
    ],
    [
      0.9957859516143799,
      0.9963380098342896,
      0.9957374930381775,
      0.996073305606842,
      0.9939414262771606,
      0.9964099526405334,
      0.9971109628677368,
      0.9748139381408691,
      0.8626086115837097,
      0.9729210138320923,
      0.9957703948020935,
      0.9944378733634949,
      1.0000008344650269,
      0.9976187944412231,
      0.9961225390434265,
      0.9947219491004944,
      0.9957087635993958,
      0.9302908778190613,
      0.9678352475166321,
      0.9952605962753296
    ],
    [
      0.9968568086624146,
      0.9977311491966248,
      0.997542679309845,
      0.9978652596473694,
      0.9963704347610474,
      0.9980558753013611,
      0.9985074400901794,
      0.97770756483078,
      0.8604746460914612,
      0.9711664319038391,
      0.996589720249176,
      0.99462890625,
      0.9976187944412231,
      0.9999998807907104,
      0.9981063008308411,
      0.9960912466049194,
      0.9980714917182922,
      0.9314732551574707,
      0.9682236909866333,
      0.9976713061332703
    ],
    [
      0.9970141053199768,
      0.9976048469543457,
      0.997125506401062,
      0.9972172975540161,
      0.9962687492370605,
      0.9984250664710999,
      0.9974958300590515,
      0.9782029986381531,
      0.8630038499832153,
      0.9731032848358154,
      0.9965603947639465,
      0.9929947257041931,
      0.9961225390434265,
      0.9981063008308411,
      1.0000004768371582,
      0.9960377812385559,
      0.9981257915496826,
      0.9320698976516724,
      0.9693573117256165,
      0.997714638710022
    ],
    [
      0.9953035712242126,
      0.9959504008293152,
      0.9958105683326721,
      0.9952636957168579,
      0.9943205714225769,
      0.9966859221458435,
      0.9955167770385742,
      0.9824818968772888,
      0.867725133895874,
      0.9722365140914917,
      0.9935155510902405,
      0.9904806613922119,
      0.9947219491004944,
      0.9960912466049194,
      0.9960377812385559,
      1.000000238418579,
      0.9966265559196472,
      0.9391725063323975,
      0.9693954586982727,
      0.9958418607711792
    ],
    [
      0.9970468282699585,
      0.9980770945549011,
      0.998415470123291,
      0.9985036253929138,
      0.9979085922241211,
      0.9988676309585571,
      0.998557984828949,
      0.9798343181610107,
      0.8620752692222595,
      0.971840500831604,
      0.9954988956451416,
      0.9907599091529846,
      0.9957087635993958,
      0.9980714917182922,
      0.9981257915496826,
      0.9966265559196472,
      1.000000238418579,
      0.9330397248268127,
      0.969752311706543,
      0.998975396156311
    ],
    [
      0.9320528507232666,
      0.9316860437393188,
      0.9317924380302429,
      0.9295921921730042,
      0.9298005700111389,
      0.9340407848358154,
      0.9290145635604858,
      0.945835292339325,
      0.8553974628448486,
      0.9365463852882385,
      0.9319157600402832,
      0.9304552674293518,
      0.9302908778190613,
      0.9314732551574707,
      0.9320698976516724,
      0.9391725063323975,
      0.9330397248268127,
      1.000000238418579,
      0.9155521988868713,
      0.9302438497543335
    ],
    [
      0.9676332473754883,
      0.9685820937156677,
      0.967879593372345,
      0.9685623645782471,
      0.9676619172096252,
      0.9702406525611877,
      0.9688236117362976,
      0.9544945359230042,
      0.8534800410270691,
      0.9514445662498474,
      0.967408299446106,
      0.9637196063995361,
      0.9678352475166321,
      0.9682236909866333,
      0.9693573117256165,
      0.9693954586982727,
      0.969752311706543,
      0.9155521988868713,
      0.9999995231628418,
      0.9695423245429993
    ],
    [
      0.9968380928039551,
      0.9978931546211243,
      0.9982240796089172,
      0.998420774936676,
      0.9985799193382263,
      0.9986520409584045,
      0.998691737651825,
      0.9781274199485779,
      0.8611186742782593,
      0.9719139337539673,
      0.9953411817550659,
      0.9905461072921753,
      0.9952605962753296,
      0.9976713061332703,
      0.9977145791053772,
      0.9958418607711792,
      0.998975396156311,
      0.9302438497543335,
      0.9695423245429993,
      0.9999998211860657
    ]
  ]
}