{
  "persona_names": [
    "cybersec_consultant",
    "pentester",
    "software_engineer",
    "data_scientist",
    "helpful_assistant",
    "private_investigator",
    "medical_doctor",
    "kindergarten_teacher",
    "poet",
    "villain",
    "navy_seal",
    "army_medic",
    "surgeon",
    "paramedic",
    "police_officer",
    "florist",
    "librarian",
    "comedian",
    "french_person",
    "no_persona"
  ],
  "matrix": [
    [
      1.000000238418579,
      0.9977903366088867,
      0.996932864189148,
      0.996630072593689,
      0.9911423921585083,
      0.9964315891265869,
      0.9958624839782715,
      0.9651228189468384,
      0.8016043305397034,
      0.9525127410888672,
      0.9951149821281433,
      0.990588366985321,
      0.9950546026229858,
      0.9962955117225647,
      0.9961926341056824,
      0.9940186142921448,
      0.9955930709838867,
      0.8514535427093506,
      0.973493754863739,
      0.994617760181427
    ],
    [
      0.9977903366088867,
      0.9999998807907104,
      0.9976674318313599,
      0.9973024725914001,
      0.9918349981307983,
      0.9970499873161316,
      0.9963498115539551,
      0.9647273421287537,
      0.803908109664917,
      0.9512397646903992,
      0.9952466487884521,
      0.9894586205482483,
      0.994986355304718,
      0.9970051646232605,
      0.9964349865913391,
      0.9940145611763,
      0.9966194033622742,
      0.8508983254432678,
      0.9736654162406921,
      0.9951834082603455
    ],
    [
      0.996932864189148,
      0.9976674318313599,
      1.0,
      0.9984014630317688,
      0.9951343536376953,
      0.9968241453170776,
      0.9972562193870544,
      0.9668036103248596,
      0.7976157069206238,
      0.9472847580909729,
      0.9941768050193787,
      0.9877313375473022,
      0.9939841032028198,
      0.9966641068458557,
      0.9958817958831787,
      0.9935837984085083,
      0.9974743723869324,
      0.849658727645874,
      0.9732396006584167,
      0.9969337582588196
    ],
    [
      0.996630072593689,
      0.9973024725914001,
      0.9984014630317688,
      0.9999997615814209,
      0.994308590888977,
      0.9974119663238525,
      0.9976621866226196,
      0.9639368057250977,
      0.7970287203788757,
      0.9472423195838928,
      0.9940347671508789,
      0.9874715209007263,
      0.9943095445632935,
      0.9967665076255798,
      0.9958603978157043,
      0.9924478530883789,
      0.9974890947341919,
      0.8450732231140137,
      0.9732306599617004,
      0.9969612956047058
    ],
    [
      0.9911423921585083,
      0.9918349981307983,
      0.9951342940330505,
      0.994308590888977,
      1.0000001192092896,
      0.9937262535095215,
      0.9949465990066528,
      0.9654012322425842,
      0.7920079231262207,
      0.9420724511146545,
      0.9890275597572327,
      0.9829970598220825,
      0.9891370534896851,
      0.9927053451538086,
      0.9927518963813782,
      0.9893443584442139,
      0.9949970245361328,
      0.8428789973258972,
      0.9701555371284485,
      0.9971222877502441
    ],
    [
      0.9964315891265869,
      0.9970499873161316,
      0.9968241453170776,
      0.9974119663238525,
      0.9937262535095215,
      0.9999998807907104,
      0.9969867467880249,
      0.9678851366043091,
      0.8120092153549194,
      0.9556604027748108,
      0.9956694841384888,
      0.9901405572891235,
      0.9947686791419983,
      0.9970224499702454,
      0.9977763295173645,
      0.9948971271514893,
      0.9980544447898865,
      0.8551719188690186,
      0.9769052863121033,
      0.9970273375511169
    ],
    [
      0.9958624839782715,
      0.9963498711585999,
      0.9972562193870544,
      0.9976621270179749,
      0.9949465990066528,
      0.9969867467880249,
      0.9999997615814209,
      0.9652636647224426,
      0.7990798950195312,
      0.9474321603775024,
      0.9948483109474182,
      0.9897089600563049,
      0.9956003427505493,
      0.9978567361831665,
      0.9964413046836853,
      0.9930980801582336,
      0.9975883960723877,
      0.844444751739502,
      0.9734593033790588,
      0.9974556565284729
    ],
    [
      0.9651228189468384,
      0.9647273421287537,
      0.9668036103248596,
      0.9639368057250977,
      0.9654012322425842,
      0.9678851366043091,
      0.9652636647224426,
      0.9999998807907104,
      0.8160567283630371,
      0.9278608560562134,
      0.9620763063430786,
      0.9642279148101807,
      0.965775728225708,
      0.9688642024993896,
      0.9696418046951294,
      0.9771389365196228,
      0.9699559807777405,
      0.8873603940010071,
      0.9584363698959351,
      0.9672470092773438
    ],
    [
      0.8016043305397034,
      0.803908109664917,
      0.7976157069206238,
      0.7970287203788757,
      0.7920079231262207,
      0.8120092153549194,
      0.7990798950195312,
      0.8160567283630371,
      1.0000001192092896,
      0.8556846380233765,
      0.8118087649345398,
      0.8152623772621155,
      0.8073095083236694,
      0.8029206395149231,
      0.8084126114845276,
      0.8137891888618469,
      0.8042173981666565,
      0.813562273979187,
      0.8218622803688049,
      0.801639199256897
    ],
    [
      0.9525127410888672,
      0.9512397646903992,
      0.9472847580909729,
      0.9472423195838928,
      0.9420724511146545,
      0.9556604027748108,
      0.9474321603775024,
      0.9278608560562134,
      0.8556846380233765,
      1.000000238418579,
      0.9590816497802734,
      0.9578438401222229,
      0.953206479549408,
      0.9483364224433899,
      0.9527997970581055,
      0.9526823163032532,
      0.947887659072876,
      0.8858410716056824,
      0.9477121233940125,
      0.9472021460533142
    ],
    [
      0.9951149821281433,
      0.9952466487884521,
      0.9941768050193787,
      0.9940347671508789,
      0.9890275597572327,
      0.9956694841384888,
      0.9948483109474182,
      0.9620761871337891,
      0.8118087649345398,
      0.9590816497802734,
      1.0000001192092896,
      0.9950723648071289,
      0.9954696297645569,
      0.9959349036216736,
      0.9958006143569946,
      0.9921027421951294,
      0.9937930703163147,
      0.8550977110862732,
      0.9746224880218506,
      0.992714524269104
    ],
    [
      0.990588366985321,
      0.9894586205482483,
      0.9877313375473022,
      0.9874715209007263,
      0.9829970598220825,
      0.9901405572891235,
      0.9897089600563049,
      0.9642279148101807,
      0.8152623772621155,
      0.9578438401222229,
      0.9950723648071289,
      0.9999997615814209,
      0.9942697882652283,
      0.9931924939155579,
      0.9923619031906128,
      0.9904084205627441,
      0.9879476428031921,
      0.8581821322441101,
      0.9718035459518433,
      0.9868373870849609
    ],
    [
      0.9950546026229858,
      0.994986355304718,
      0.9939841032028198,
      0.9943095445632935,
      0.9891370534896851,
      0.9947686791419983,
      0.9956004023551941,
      0.965775728225708,
      0.8073095083236694,
      0.953206479549408,
      0.9954696297645569,
      0.9942697882652283,
      1.0,
      0.9969764351844788,
      0.9958253502845764,
      0.9941713809967041,
      0.9935919046401978,
      0.8515719175338745,
      0.9747438430786133,
      0.9921555519104004
    ],
    [
      0.9962955117225647,
      0.9970051646232605,
      0.9966641068458557,
      0.9967665076255798,
      0.9927053451538086,
      0.9970224499702454,
      0.9978567361831665,
      0.9688642024993896,
      0.8029206395149231,
      0.9483364224433899,
      0.9959349036216736,
      0.9931923747062683,
      0.9969764351844788,
      0.9999997019767761,
      0.9976974129676819,
      0.9951806664466858,
      0.9972950220108032,
      0.850932776927948,
      0.9742181897163391,
      0.9957371354103088
    ],
    [
      0.9961926341056824,
      0.9964349865913391,
      0.9958817958831787,
      0.9958603978157043,
      0.9927518963813782,
      0.9977763295173645,
      0.9964413046836853,
      0.9696418046951294,
      0.8084126710891724,
      0.9527997970581055,
      0.9958006143569946,
      0.9923619031906128,
      0.9958253502845764,
      0.9976974129676819,
      1.0,
      0.9952402114868164,
      0.9973479509353638,
      0.8516626954078674,
      0.9770694971084595,
      0.9961751699447632
    ],
    [
      0.9940186142921448,
      0.9940145611763,
      0.9935839176177979,
      0.9924478530883789,
      0.9893443584442139,
      0.9948971271514893,
      0.9930980801582336,
      0.9771389365196228,
      0.8137891888618469,
      0.9526823163032532,
      0.9921027421951294,
      0.9904084205627441,
      0.9941713809967041,
      0.9951807260513306,
      0.9952402114868164,
      1.0,
      0.9946141839027405,
      0.8662974834442139,
      0.9772039651870728,
      0.9926687479019165
    ],
    [
      0.9955930709838867,
      0.9966194033622742,
      0.9974743723869324,
      0.9974890947341919,
      0.9949970245361328,
      0.9980544447898865,
      0.9975883960723877,
      0.9699559807777405,
      0.8042173981666565,
      0.947887659072876,
      0.9937930703163147,
      0.9879476428031921,
      0.9935919046401978,
      0.9972950220108032,
      0.9973479509353638,
      0.9946141839027405,
      0.9999998807907104,
      0.8515074849128723,
      0.9758340716362,
      0.9977751970291138
    ],
    [
      0.8514535427093506,
      0.8508983254432678,
      0.849658727645874,
      0.8450732231140137,
      0.8428789973258972,
      0.8551719188690186,
      0.844444751739502,
      0.8873603940010071,
      0.813562273979187,
      0.8858410716056824,
      0.8550977110862732,
      0.8581821322441101,
      0.8515719175338745,
      0.850932776927948,
      0.8516626954078674,
      0.8662974834442139,
      0.8515074849128723,
      1.0000001192092896,
      0.8614791035652161,
      0.8446752429008484
    ],
    [
      0.973493754863739,
      0.9736654162406921,
      0.9732396006584167,
      0.9732306599617004,
      0.9701555371284485,
      0.9769052863121033,
      0.9734593033790588,
      0.9584363698959351,
      0.8218622803688049,
      0.9477121233940125,
      0.9746224880218506,
      0.9718035459518433,
      0.9747438430786133,
      0.9742181897163391,
      0.9770694971084595,
      0.9772039651870728,
      0.9758340716362,
      0.8614791035652161,
      1.0000003576278687,
      0.974292516708374
    ],
    [
      0.994617760181427,
      0.9951834082603455,
      0.9969337582588196,
      0.9969612956047058,
      0.9971222877502441,
      0.9970273375511169,
      0.9974556565284729,
      0.9672470092773438,
      0.801639199256897,
      0.9472021460533142,
      0.992714524269104,
      0.9868373870849609,
      0.9921555519104004,
      0.9957371354103088,
      0.9961751699447632,
      0.9926687479019165,
      0.9977751970291138,
      0.8446752429008484,
      0.9742924571037292,
      1.0000001192092896
    ]
  ]
}