{
  "persona_names": [
    "cybersec_consultant",
    "pentester",
    "software_engineer",
    "data_scientist",
    "helpful_assistant",
    "private_investigator",
    "medical_doctor",
    "kindergarten_teacher",
    "poet",
    "villain",
    "navy_seal",
    "army_medic",
    "surgeon",
    "paramedic",
    "police_officer",
    "florist",
    "librarian",
    "comedian",
    "french_person",
    "no_persona"
  ],
  "matrix": [
    [
      1.0,
      0.9933409690856934,
      0.991020143032074,
      0.9934563636779785,
      0.9559456706047058,
      0.9868335723876953,
      0.9865233302116394,
      0.9616513252258301,
      0.8607436418533325,
      0.923758864402771,
      0.9745224714279175,
      0.9706136584281921,
      0.9895746111869812,
      0.9923449158668518,
      0.982327401638031,
      0.9846006631851196,
      0.9897245764732361,
      0.8487492799758911,
      0.9339768886566162,
      0.9509386420249939
    ],
    [
      0.9933409690856934,
      0.9999996423721313,
      0.9883232116699219,
      0.9904797077178955,
      0.9535102248191833,
      0.9859849214553833,
      0.9840835928916931,
      0.9599902033805847,
      0.8587117195129395,
      0.9299161434173584,
      0.9755847454071045,
      0.9740906357765198,
      0.9904645681381226,
      0.9916446208953857,
      0.9821898341178894,
      0.984268307685852,
      0.9834923148155212,
      0.8523425459861755,
      0.9349565505981445,
      0.9506813883781433
    ],
    [
      0.991020143032074,
      0.9883232116699219,
      1.0000001192092896,
      0.9950256943702698,
      0.9707080721855164,
      0.9796754121780396,
      0.9864916801452637,
      0.9636708498001099,
      0.8579902648925781,
      0.9167537093162537,
      0.9661765098571777,
      0.9632253050804138,
      0.9841258525848389,
      0.9875474572181702,
      0.9761091470718384,
      0.9829292893409729,
      0.9857255220413208,
      0.853633463382721,
      0.9312825798988342,
      0.9506659507751465
    ],
    [
      0.9934563040733337,
      0.9904797077178955,
      0.9950256943702698,
      0.9999997019767761,
      0.9660283923149109,
      0.984390377998352,
      0.9852235317230225,
      0.9619419574737549,
      0.8587747812271118,
      0.9184257984161377,
      0.9682360887527466,
      0.964017927646637,
      0.9857068657875061,
      0.9890919923782349,
      0.9766386151313782,
      0.9831177592277527,
      0.9875063896179199,
      0.8508439660072327,
      0.9329816102981567,
      0.9542627930641174
    ],
    [
      0.9559456706047058,
      0.9535102248191833,
      0.9707080721855164,
      0.9660283923149109,
      1.0000001192092896,
      0.9456935524940491,
      0.9605100750923157,
      0.9474843144416809,
      0.8337695002555847,
      0.88285231590271,
      0.924872636795044,
      0.9246435761451721,
      0.9456890225410461,
      0.9553770422935486,
      0.9429828524589539,
      0.9503296613693237,
      0.9536794424057007,
      0.8258071541786194,
      0.8968789577484131,
      0.9485565423965454
    ],
    [
      0.9868335723876953,
      0.9859849214553833,
      0.9796754121780396,
      0.984390377998352,
      0.9456935524940491,
      0.9999996423721313,
      0.975913941860199,
      0.960049033164978,
      0.8769713640213013,
      0.9437744617462158,
      0.9791322946548462,
      0.9781162738800049,
      0.9866873621940613,
      0.9878137707710266,
      0.9836914539337158,
      0.9855647683143616,
      0.9860708117485046,
      0.8639358282089233,
      0.9438214898109436,
      0.9421912431716919
    ],
    [
      0.9865233898162842,
      0.9840835928916931,
      0.9864916801452637,
      0.9852235317230225,
      0.9605100750923157,
      0.975913941860199,
      0.9999995827674866,
      0.9648275375366211,
      0.8528542518615723,
      0.9135979413986206,
      0.9714001417160034,
      0.9704149961471558,
      0.9877802729606628,
      0.9891145825386047,
      0.9800049662590027,
      0.9760863780975342,
      0.9799402952194214,
      0.8434516191482544,
      0.9296315312385559,
      0.9582760334014893
    ],
    [
      0.9616513252258301,
      0.9599902033805847,
      0.9636708498001099,
      0.9619419574737549,
      0.9474843144416809,
      0.960049033164978,
      0.9648275375366211,
      1.0000001192092896,
      0.8676852583885193,
      0.9120941758155823,
      0.949110746383667,
      0.9558854103088379,
      0.962574303150177,
      0.9683713316917419,
      0.9662619233131409,
      0.970197856426239,
      0.9699174165725708,
      0.8592057824134827,
      0.9307591319084167,
      0.9425318837165833
    ],
    [
      0.8607436418533325,
      0.8587117195129395,
      0.8579902648925781,
      0.8587747812271118,
      0.8337695002555847,
      0.8769713640213013,
      0.8528542518615723,
      0.8676852583885193,
      0.9999998211860657,
      0.8712831735610962,
      0.8683026432991028,
      0.8728705644607544,
      0.8596864938735962,
      0.8623321652412415,
      0.8625390529632568,
      0.8699275851249695,
      0.8664810061454773,
      0.8741371035575867,
      0.8686941862106323,
      0.8288490772247314
    ],
    [
      0.923758864402771,
      0.9299161434173584,
      0.9167537093162537,
      0.9184257984161377,
      0.88285231590271,
      0.9437744617462158,
      0.9135979413986206,
      0.9120941758155823,
      0.8712831735610962,
      1.0000001192092896,
      0.9472455382347107,
      0.9458025097846985,
      0.9318517446517944,
      0.9271751046180725,
      0.9394695162773132,
      0.9300313591957092,
      0.9254036545753479,
      0.8720694780349731,
      0.926852285861969,
      0.8855603933334351
    ],
    [
      0.9745224714279175,
      0.9755847454071045,
      0.9661765098571777,
      0.9682360887527466,
      0.924872636795044,
      0.9791322946548462,
      0.9714001417160034,
      0.949110746383667,
      0.8683026432991028,
      0.9472455382347107,
      0.9999995827674866,
      0.9890753030776978,
      0.9816036820411682,
      0.9806367754936218,
      0.9781791567802429,
      0.9731614589691162,
      0.969201922416687,
      0.8592797517776489,
      0.9396849870681763,
      0.9309390783309937
    ],
    [
      0.9706136584281921,
      0.9740906357765198,
      0.9632253050804138,
      0.964017927646637,
      0.9246435761451721,
      0.9781162738800049,
      0.9704149961471558,
      0.9558854103088379,
      0.8728705644607544,
      0.9458025097846985,
      0.9890753030776978,
      1.0000001192092896,
      0.9819492697715759,
      0.9829171299934387,
      0.9821470975875854,
      0.9754924774169922,
      0.970626711845398,
      0.8599042296409607,
      0.942428469657898,
      0.932579755783081
    ],
    [
      0.9895746111869812,
      0.9904645681381226,
      0.9841257333755493,
      0.9857068657875061,
      0.9456890225410461,
      0.9866873621940613,
      0.9877802729606628,
      0.962574303150177,
      0.8596864938735962,
      0.9318517446517944,
      0.9816036224365234,
      0.9819492697715759,
      1.0,
      0.9943175315856934,
      0.9884369373321533,
      0.9878852963447571,
      0.9863927960395813,
      0.8495716452598572,
      0.9404549598693848,
      0.9464328289031982
    ],
    [
      0.9923449158668518,
      0.9916446208953857,
      0.9875475764274597,
      0.9890919923782349,
      0.9553770422935486,
      0.9878137707710266,
      0.9891145825386047,
      0.9683713316917419,
      0.8623321652412415,
      0.9271751046180725,
      0.9806367754936218,
      0.9829170107841492,
      0.9943175315856934,
      0.9999998807907104,
      0.9883402585983276,
      0.9897029995918274,
      0.9899177551269531,
      0.8540250658988953,
      0.9384955167770386,
      0.9519974589347839
    ],
    [
      0.982327401638031,
      0.9821898341178894,
      0.9761091470718384,
      0.9766386151313782,
      0.9429828524589539,
      0.9836914539337158,
      0.9800049662590027,
      0.9662619233131409,
      0.8625390529632568,
      0.9394695162773132,
      0.9781791567802429,
      0.9821470975875854,
      0.9884369373321533,
      0.9883402585983276,
      1.0000001192092896,
      0.980918288230896,
      0.9853801131248474,
      0.8568310737609863,
      0.9430432915687561,
      0.9492747783660889
    ],
    [
      0.9846006631851196,
      0.984268307685852,
      0.9829292893409729,
      0.9831177592277527,
      0.9503295421600342,
      0.9855647683143616,
      0.9760863780975342,
      0.970197856426239,
      0.8699275851249695,
      0.9300313591957092,
      0.9731614589691162,
      0.9754924774169922,
      0.9878852963447571,
      0.9897029995918274,
      0.980918288230896,
      0.999999463558197,
      0.9894322752952576,
      0.8646026849746704,
      0.9487005472183228,
      0.9456701278686523
    ],
    [
      0.9897245764732361,
      0.9834923148155212,
      0.9857255220413208,
      0.9875063896179199,
      0.9536794424057007,
      0.9860708117485046,
      0.9799402952194214,
      0.9699172973632812,
      0.8664810061454773,
      0.9254036545753479,
      0.969201922416687,
      0.970626711845398,
      0.9863927960395813,
      0.9899177551269531,
      0.9853801131248474,
      0.9894322752952576,
      0.9999997615814209,
      0.8552916049957275,
      0.943204939365387,
      0.950833797454834
    ],
    [
      0.8487492799758911,
      0.8523425459861755,
      0.853633463382721,
      0.8508439660072327,
      0.8258071541786194,
      0.8639358282089233,
      0.8434516191482544,
      0.8592057824134827,
      0.8741371035575867,
      0.8720694780349731,
      0.8592797517776489,
      0.8599042296409607,
      0.8495716452598572,
      0.8540250658988953,
      0.8568310737609863,
      0.8646026849746704,
      0.8552916049957275,
      1.0000001192092896,
      0.8606613874435425,
      0.8169565200805664
    ],
    [
      0.9339768886566162,
      0.9349565505981445,
      0.9312825798988342,
      0.9329816102981567,
      0.8968789577484131,
      0.9438216090202332,
      0.9296315312385559,
      0.9307591319084167,
      0.8686941862106323,
      0.926852285861969,
      0.9396849870681763,
      0.9424284100532532,
      0.9404549598693848,
      0.9384955167770386,
      0.9430432915687561,
      0.9487005472183228,
      0.943204939365387,
      0.8606613874435425,
      0.9999998807907104,
      0.911686897277832
    ],
    [
      0.9509386420249939,
      0.9506813883781433,
      0.9506659507751465,
      0.9542627930641174,
      0.9485565423965454,
      0.9421912431716919,
      0.9582760334014893,
      0.9425318837165833,
      0.8288490176200867,
      0.8855603933334351,
      0.9309390783309937,
      0.932579755783081,
      0.9464328289031982,
      0.9519973993301392,
      0.9492747783660889,
      0.9456701278686523,
      0.950833797454834,
      0.8169565200805664,
      0.911686897277832,
      0.9999997019767761
    ]
  ]
}