{
  "persona_names": [
    "cybersec_consultant",
    "pentester",
    "software_engineer",
    "data_scientist",
    "helpful_assistant",
    "private_investigator",
    "medical_doctor",
    "kindergarten_teacher",
    "poet",
    "villain",
    "navy_seal",
    "army_medic",
    "surgeon",
    "paramedic",
    "police_officer",
    "florist",
    "librarian",
    "comedian",
    "french_person",
    "no_persona"
  ],
  "matrix": [
    [
      0.9999998211860657,
      0.9977478981018066,
      0.9973226189613342,
      0.9969558715820312,
      0.9943587779998779,
      0.997200608253479,
      0.9967614412307739,
      0.9814633727073669,
      0.873427152633667,
      0.9731644988059998,
      0.9965144991874695,
      0.9936289191246033,
      0.9960850477218628,
      0.996943473815918,
      0.9969556927680969,
      0.9953207969665527,
      0.9962751865386963,
      0.91228187084198,
      0.9865289926528931,
      0.9955213665962219
    ],
    [
      0.9977478981018066,
      1.0000003576278687,
      0.9975171089172363,
      0.9970203638076782,
      0.9936732053756714,
      0.9974650144577026,
      0.9965224862098694,
      0.98018878698349,
      0.8748164176940918,
      0.9721088409423828,
      0.9964514374732971,
      0.9927435517311096,
      0.9957865476608276,
      0.9973159432411194,
      0.9969179630279541,
      0.9952008724212646,
      0.9967064261436462,
      0.9117047786712646,
      0.9857903718948364,
      0.9949521422386169
    ],
    [
      0.9973225593566895,
      0.9975171089172363,
      1.000000238418579,
      0.9984660148620605,
      0.997014045715332,
      0.9975885152816772,
      0.9978671073913574,
      0.9817399978637695,
      0.870654284954071,
      0.9700323343276978,
      0.9960203170776367,
      0.9915813207626343,
      0.9951382279396057,
      0.9972304701805115,
      0.9968090057373047,
      0.995141863822937,
      0.9978081583976746,
      0.9095313549041748,
      0.9864509701728821,
      0.9973724484443665
    ],
    [
      0.9969558715820312,
      0.9970203638076782,
      0.9984660148620605,
      1.000000238418579,
      0.9965416193008423,
      0.997984766960144,
      0.9980367422103882,
      0.9800731539726257,
      0.8686851859092712,
      0.9689448475837708,
      0.995663583278656,
      0.9909775853157043,
      0.9952731728553772,
      0.997253954410553,
      0.9967448711395264,
      0.9941810369491577,
      0.9978599548339844,
      0.906173586845398,
      0.9863983988761902,
      0.9973362684249878
    ],
    [
      0.9943587779998779,
      0.9936732053756714,
      0.997014045715332,
      0.9965416193008423,
      0.9999999403953552,
      0.996361255645752,
      0.9969034194946289,
      0.98201584815979,
      0.870040774345398,
      0.9684374928474426,
      0.9933730363845825,
      0.9893035292625427,
      0.9923611283302307,
      0.9950993061065674,
      0.9954864382743835,
      0.9932610988616943,
      0.9965547919273376,
      0.9058840870857239,
      0.9853264093399048,
      0.9984733462333679
    ],
    [
      0.997200608253479,
      0.9974650144577026,
      0.9975885152816772,
      0.997984766960144,
      0.996361255645752,
      0.9999997019767761,
      0.9977841973304749,
      0.982699990272522,
      0.8778261542320251,
      0.9731798768043518,
      0.9968569874763489,
      0.992747962474823,
      0.9956886172294617,
      0.9976850748062134,
      0.9982630610466003,
      0.9958876967430115,
      0.998358964920044,
      0.911965012550354,
      0.9881453514099121,
      0.9973912239074707
    ],
    [
      0.9967614412307739,
      0.9965224862098694,
      0.9978671073913574,
      0.9980367422103882,
      0.9969034194946289,
      0.9977842569351196,
      0.9999997615814209,
      0.9814446568489075,
      0.8708885312080383,
      0.9692564010620117,
      0.9966005682945251,
      0.9929812550544739,
      0.996175229549408,
      0.998134970664978,
      0.9972482323646545,
      0.995076596736908,
      0.9980006814002991,
      0.9064395427703857,
      0.9868465065956116,
      0.9976516962051392
    ],
    [
      0.9814633727073669,
      0.98018878698349,
      0.9817399978637695,
      0.9800731539726257,
      0.98201584815979,
      0.982699990272522,
      0.9814446568489075,
      0.9999997615814209,
      0.886791467666626,
      0.9653492569923401,
      0.9804777503013611,
      0.9817065596580505,
      0.9813860058784485,
      0.9830647110939026,
      0.9837797284126282,
      0.9870772957801819,
      0.9826912879943848,
      0.9328256845474243,
      0.9796950221061707,
      0.9822328090667725
    ],
    [
      0.873427152633667,
      0.8748164176940918,
      0.870654284954071,
      0.8686851859092712,
      0.870040774345398,
      0.8778261542320251,
      0.8708885312080383,
      0.886791467666626,
      0.9999998807907104,
      0.9021035432815552,
      0.8784329891204834,
      0.8793685436248779,
      0.8753098249435425,
      0.8737494349479675,
      0.8772716522216797,
      0.8807008266448975,
      0.8733137249946594,
      0.8888983130455017,
      0.8819234371185303,
      0.8724187612533569
    ],
    [
      0.9731644988059998,
      0.9721088409423828,
      0.9700323343276978,
      0.9689448475837708,
      0.9684374928474426,
      0.9731798768043518,
      0.9692564010620117,
      0.9653492569923401,
      0.9021035432815552,
      1.0000003576278687,
      0.97579425573349,
      0.9760434627532959,
      0.9726019501686096,
      0.9698440432548523,
      0.9732298851013184,
      0.9740239977836609,
      0.9690693020820618,
      0.9350042939186096,
      0.9727725386619568,
      0.9696708917617798
    ],
    [
      0.9965144991874695,
      0.9964513182640076,
      0.9960203170776367,
      0.995663583278656,
      0.9933730363845825,
      0.9968569874763489,
      0.9966005682945251,
      0.9804777503013611,
      0.8784329891204834,
      0.9757941961288452,
      0.9999990463256836,
      0.9959473609924316,
      0.9965612292289734,
      0.9971073269844055,
      0.9971815347671509,
      0.9947566986083984,
      0.9958940744400024,
      0.912686824798584,
      0.987666130065918,
      0.9946126937866211
    ],
    [
      0.9936289191246033,
      0.9927435517311096,
      0.9915813207626343,
      0.9909775853157043,
      0.9893035292625427,
      0.992747962474823,
      0.9929812550544739,
      0.9817065596580505,
      0.8793685436248779,
      0.9760434627532959,
      0.9959473609924316,
      1.000000238418579,
      0.996096670627594,
      0.9952458143234253,
      0.9944989681243896,
      0.9939377903938293,
      0.9914000034332275,
      0.9151092767715454,
      0.985797107219696,
      0.9903106689453125
    ],
    [
      0.9960850477218628,
      0.9957865476608276,
      0.9951382279396057,
      0.9952731728553772,
      0.9923611283302307,
      0.9956886172294617,
      0.996175229549408,
      0.9813860058784485,
      0.8753098249435425,
      0.9726019501686096,
      0.9965612292289734,
      0.996096670627594,
      1.0000001192092896,
      0.9972971081733704,
      0.9964460730552673,
      0.9955045580863953,
      0.994599461555481,
      0.9109464883804321,
      0.986868679523468,
      0.9932794570922852
    ],
    [
      0.996943473815918,
      0.9973159432411194,
      0.9972304701805115,
      0.997253954410553,
      0.9950993061065674,
      0.9976850748062134,
      0.9981348514556885,
      0.9830647110939026,
      0.8737494349479675,
      0.9698440432548523,
      0.9971073269844055,
      0.9952458143234253,
      0.9972971081733704,
      0.9999998807907104,
      0.9980303049087524,
      0.9963400959968567,
      0.9976704120635986,
      0.9102761149406433,
      0.9870250225067139,
      0.9960872530937195
    ],
    [
      0.9969556927680969,
      0.9969179630279541,
      0.9968090057373047,
      0.9967448711395264,
      0.9954864382743835,
      0.9982630610466003,
      0.9972482323646545,
      0.9837797284126282,
      0.8772715926170349,
      0.9732298851013184,
      0.9971815347671509,
      0.9944989681243896,
      0.9964460730552673,
      0.9980303049087524,
      1.0000001192092896,
      0.9961932301521301,
      0.9976725578308105,
      0.9115589261054993,
      0.988676905632019,
      0.9966277480125427
    ],
    [
      0.9953207969665527,
      0.9952008724212646,
      0.995141863822937,
      0.9941810369491577,
      0.9932610988616943,
      0.9958876967430115,
      0.995076596736908,
      0.9870772957801819,
      0.8807008266448975,
      0.9740239977836609,
      0.994756817817688,
      0.9939377903938293,
      0.9955045580863953,
      0.9963400959968567,
      0.9961932301521301,
      0.9999999403953552,
      0.9954164028167725,
      0.918603777885437,
      0.9882596731185913,
      0.9944272637367249
    ],
    [
      0.9962751865386963,
      0.9967064261436462,
      0.9978082776069641,
      0.9978599548339844,
      0.9965547919273376,
      0.998358964920044,
      0.9980006814002991,
      0.9826912879943848,
      0.8733137249946594,
      0.9690693020820618,
      0.9958940744400024,
      0.9914000034332275,
      0.994599461555481,
      0.9976704120635986,
      0.9976725578308105,
      0.9954164028167725,
      1.0000001192092896,
      0.9091349840164185,
      0.987615704536438,
      0.9975531697273254
    ],
    [
      0.91228187084198,
      0.9117047786712646,
      0.9095313549041748,
      0.906173586845398,
      0.9058840870857239,
      0.911965012550354,
      0.9064395427703857,
      0.9328256845474243,
      0.8888983130455017,
      0.9350042939186096,
      0.912686824798584,
      0.9151092767715454,
      0.9109464883804321,
      0.9102761149406433,
      0.911558985710144,
      0.9186038374900818,
      0.9091349840164185,
      1.0000001192092896,
      0.9190683364868164,
      0.9057399034500122
    ],
    [
      0.9865289926528931,
      0.9857903718948364,
      0.9864509701728821,
      0.9863983988761902,
      0.9853264093399048,
      0.9881453514099121,
      0.9868465065956116,
      0.9796950221061707,
      0.8819234371185303,
      0.9727725386619568,
      0.987666130065918,
      0.985797107219696,
      0.986868679523468,
      0.9870250225067139,
      0.988676905632019,
      0.9882596731185913,
      0.987615704536438,
      0.9190683364868164,
      0.9999998807907104,
      0.9868677258491516
    ],
    [
      0.9955213665962219,
      0.9949521422386169,
      0.9973724484443665,
      0.9973362684249878,
      0.9984733462333679,
      0.9973912239074707,
      0.9976516962051392,
      0.9822328090667725,
      0.8724187612533569,
      0.9696708917617798,
      0.9946126937866211,
      0.9903106689453125,
      0.9932794570922852,
      0.9960872530937195,
      0.9966277480125427,
      0.9944272637367249,
      0.9975531697273254,
      0.9057399034500122,
      0.9868677258491516,
      1.0000001192092896
    ]
  ]
}