{
  "persona_names": [
    "cybersec_consultant",
    "pentester",
    "software_engineer",
    "data_scientist",
    "helpful_assistant",
    "private_investigator",
    "medical_doctor",
    "kindergarten_teacher",
    "poet",
    "villain",
    "navy_seal",
    "army_medic",
    "surgeon",
    "paramedic",
    "police_officer",
    "florist",
    "librarian",
    "comedian",
    "french_person",
    "no_persona"
  ],
  "matrix": [
    [
      0.9999998807907104,
      0.9952877163887024,
      0.9855955839157104,
      0.9862582683563232,
      0.9358999729156494,
      0.9801189303398132,
      0.9873999357223511,
      0.9396956562995911,
      0.7876982688903809,
      0.8424689769744873,
      0.9750639200210571,
      0.9622687101364136,
      0.9849455952644348,
      0.9908633828163147,
      0.9825727939605713,
      0.9820156693458557,
      0.975853681564331,
      0.7696859240531921,
      0.9050427079200745,
      0.9465402364730835
    ],
    [
      0.9952877163887024,
      1.0,
      0.9833667278289795,
      0.9842665791511536,
      0.9324948191642761,
      0.9799597263336182,
      0.9847903251647949,
      0.9395790100097656,
      0.7877253890037537,
      0.8471276164054871,
      0.9768670201301575,
      0.9659283757209778,
      0.9886419773101807,
      0.9919982552528381,
      0.9833053350448608,
      0.985430896282196,
      0.9722335934638977,
      0.7728065252304077,
      0.907719612121582,
      0.9433221220970154
    ],
    [
      0.9855955839157104,
      0.9833667278289795,
      0.9999998211860657,
      0.9970542192459106,
      0.9688155651092529,
      0.9850857257843018,
      0.9907357692718506,
      0.9442790746688843,
      0.7764602303504944,
      0.8219119310379028,
      0.9636539816856384,
      0.9427290558815002,
      0.9684093594551086,
      0.9892120957374573,
      0.976988673210144,
      0.9685278534889221,
      0.9903367757797241,
      0.7670120596885681,
      0.9081584215164185,
      0.9732362031936646
    ],
    [
      0.9862582683563232,
      0.9842665791511536,
      0.9970542788505554,
      0.9999997615814209,
      0.966416597366333,
      0.9869495034217834,
      0.9917852282524109,
      0.9380627274513245,
      0.7782998085021973,
      0.8239427208900452,
      0.963939905166626,
      0.942520797252655,
      0.9688727259635925,
      0.9894622564315796,
      0.9765691161155701,
      0.9667652249336243,
      0.9896664023399353,
      0.7613222002983093,
      0.9062129259109497,
      0.9728366136550903
    ],
    [
      0.9358999729156494,
      0.9324948191642761,
      0.9688155651092529,
      0.966416597366333,
      0.9999998211860657,
      0.9490810036659241,
      0.9575437307357788,
      0.9060348868370056,
      0.7449249625205994,
      0.7828361988067627,
      0.9104815721511841,
      0.8854008913040161,
      0.9102447628974915,
      0.9457017779350281,
      0.9321242570877075,
      0.9095150828361511,
      0.9637138247489929,
      0.7321776151657104,
      0.8696029186248779,
      0.9791512489318848
    ],
    [
      0.9801189303398132,
      0.9799597263336182,
      0.9850857257843018,
      0.9869495034217834,
      0.9490810036659241,
      0.9999996423721313,
      0.9825294613838196,
      0.9479859471321106,
      0.8036851286888123,
      0.8570365309715271,
      0.973611056804657,
      0.9560685157775879,
      0.9714465141296387,
      0.9873993992805481,
      0.9831884503364563,
      0.9717251062393188,
      0.988177478313446,
      0.7912073135375977,
      0.9278347492218018,
      0.9623426795005798
    ],
    [
      0.9873999357223511,
      0.9847903251647949,
      0.9907357692718506,
      0.9917852282524109,
      0.9575437307357788,
      0.9825294613838196,
      0.9999997019767761,
      0.9376652836799622,
      0.7788406610488892,
      0.8268019556999207,
      0.9713521003723145,
      0.9539535045623779,
      0.9787688255310059,
      0.9921253323554993,
      0.9832729697227478,
      0.9696655869483948,
      0.9824736714363098,
      0.7543827891349792,
      0.9060612320899963,
      0.9676895141601562
    ],
    [
      0.9396956562995911,
      0.9395790100097656,
      0.9442790746688843,
      0.9380627274513245,
      0.9060348868370056,
      0.9479860067367554,
      0.9376652836799622,
      0.9999998211860657,
      0.7785915732383728,
      0.8182351589202881,
      0.9314895868301392,
      0.930171012878418,
      0.9376543760299683,
      0.9506139755249023,
      0.950188934803009,
      0.9540563821792603,
      0.953717827796936,
      0.793179988861084,
      0.9138191342353821,
      0.9217661619186401
    ],
    [
      0.7876982688903809,
      0.7877253890037537,
      0.7764602303504944,
      0.778299868106842,
      0.7449249625205994,
      0.8036851286888123,
      0.7788406610488892,
      0.7785915732383728,
      0.9999996423721313,
      0.7958897948265076,
      0.7952012419700623,
      0.7962324619293213,
      0.7874347567558289,
      0.7865850925445557,
      0.7906984090805054,
      0.7915531396865845,
      0.7825545072555542,
      0.7855063676834106,
      0.7886821627616882,
      0.7524681687355042
    ],
    [
      0.8424689769744873,
      0.8471276164054871,
      0.8219119310379028,
      0.8239427208900452,
      0.7828361988067627,
      0.8570365309715271,
      0.8268019556999207,
      0.8182351589202881,
      0.7958897948265076,
      1.0,
      0.8722248673439026,
      0.8718283176422119,
      0.8504453301429749,
      0.8388558626174927,
      0.8531866073608398,
      0.845234215259552,
      0.8214468955993652,
      0.8135917782783508,
      0.8460375666618347,
      0.793097972869873
    ],
    [
      0.9750639200210571,
      0.9768670201301575,
      0.9636539816856384,
      0.963939905166626,
      0.9104815721511841,
      0.973611056804657,
      0.9713521003723145,
      0.9314895868301392,
      0.7952012419700623,
      0.8722248673439026,
      1.0000001192092896,
      0.9859890937805176,
      0.9829151034355164,
      0.9794765710830688,
      0.9800060391426086,
      0.9715882539749146,
      0.9562649726867676,
      0.7791085243225098,
      0.9166375994682312,
      0.9280778765678406
    ],
    [
      0.9622687101364136,
      0.9659283757209778,
      0.9427290558815002,
      0.942520797252655,
      0.8854008913040161,
      0.9560685157775879,
      0.9539535045623779,
      0.930171012878418,
      0.7962324619293213,
      0.8718283176422119,
      0.9859890937805176,
      1.0,
      0.9814099669456482,
      0.96803879737854,
      0.9740065932273865,
      0.9687638878822327,
      0.9360424280166626,
      0.7706829905509949,
      0.9124084711074829,
      0.9038280844688416
    ],
    [
      0.9849455952644348,
      0.9886419773101807,
      0.9684093594551086,
      0.9688727259635925,
      0.9102447628974915,
      0.9714465141296387,
      0.9787688255310059,
      0.9376543760299683,
      0.7874347567558289,
      0.8504453301429749,
      0.9829151034355164,
      0.9814099669456482,
      0.9999998211860657,
      0.9875040054321289,
      0.9866061806678772,
      0.9877029657363892,
      0.9582629799842834,
      0.7625071406364441,
      0.9098872542381287,
      0.9241355657577515
    ],
    [
      0.9908633828163147,
      0.9919982552528381,
      0.9892120957374573,
      0.9894622564315796,
      0.9457017779350281,
      0.9873993992805481,
      0.9921253323554993,
      0.9506139755249023,
      0.7865850925445557,
      0.8388558626174927,
      0.9794765710830688,
      0.96803879737854,
      0.9875040054321289,
      0.9999997615814209,
      0.9899550080299377,
      0.9839218258857727,
      0.9848752617835999,
      0.7705579400062561,
      0.9149324297904968,
      0.9578244090080261
    ],
    [
      0.9825727939605713,
      0.9833053350448608,
      0.976988673210144,
      0.9765691161155701,
      0.9321242570877075,
      0.9831884503364563,
      0.9832729697227478,
      0.950188934803009,
      0.7906984090805054,
      0.8531866073608398,
      0.9800060391426086,
      0.9740065932273865,
      0.9866061806678772,
      0.9899550080299377,
      0.9999998807907104,
      0.9797362685203552,
      0.9769508242607117,
      0.7776557207107544,
      0.924502432346344,
      0.9495944380760193
    ],
    [
      0.9820156693458557,
      0.985430896282196,
      0.9685278534889221,
      0.9667652249336243,
      0.9095150828361511,
      0.9717251062393188,
      0.9696655869483948,
      0.9540563821792603,
      0.7915531396865845,
      0.845234215259552,
      0.9715882539749146,
      0.9687638878822327,
      0.9877029657363892,
      0.9839218258857727,
      0.9797362685203552,
      1.0,
      0.9650028944015503,
      0.7865066528320312,
      0.9203965067863464,
      0.9241350293159485
    ],
    [
      0.975853681564331,
      0.9722335934638977,
      0.9903367757797241,
      0.9896664023399353,
      0.9637138247489929,
      0.988177478313446,
      0.9824736714363098,
      0.953717827796936,
      0.7825545072555542,
      0.8214468955993652,
      0.9562649726867676,
      0.9360424280166626,
      0.9582629799842834,
      0.9848752617835999,
      0.9769508242607117,
      0.9650027751922607,
      1.000000238418579,
      0.7770758271217346,
      0.9204692244529724,
      0.9758241176605225
    ],
    [
      0.7696859240531921,
      0.7728065252304077,
      0.7670120596885681,
      0.7613222002983093,
      0.7321776151657104,
      0.7912073135375977,
      0.7543827891349792,
      0.793179988861084,
      0.7855063676834106,
      0.8135917782783508,
      0.7791085243225098,
      0.7706829905509949,
      0.7625071406364441,
      0.7705579400062561,
      0.7776557207107544,
      0.7865066528320312,
      0.7770758271217346,
      0.9999998807907104,
      0.7958293557167053,
      0.7385984063148499
    ],
    [
      0.9050427079200745,
      0.907719612121582,
      0.9081584215164185,
      0.9062129259109497,
      0.8696029186248779,
      0.9278347492218018,
      0.9060612320899963,
      0.9138190746307373,
      0.7886821627616882,
      0.8460375666618347,
      0.9166375994682312,
      0.9124084711074829,
      0.9098872542381287,
      0.9149324297904968,
      0.924502432346344,
      0.9203965067863464,
      0.9204692244529724,
      0.7958293557167053,
      1.000000238418579,
      0.8966124057769775
    ],
    [
      0.9465402364730835,
      0.9433221220970154,
      0.9732363224029541,
      0.9728366136550903,
      0.9791512489318848,
      0.9623426795005798,
      0.9676895141601562,
      0.9217661619186401,
      0.7524681687355042,
      0.793097972869873,
      0.9280778765678406,
      0.9038280844688416,
      0.9241355657577515,
      0.9578244090080261,
      0.9495944380760193,
      0.9241350293159485,
      0.9758241176605225,
      0.7385984063148499,
      0.8966124057769775,
      1.000000238418579
    ]
  ]
}