{
  "persona_names": [
    "cybersec_consultant",
    "pentester",
    "software_engineer",
    "data_scientist",
    "helpful_assistant",
    "private_investigator",
    "medical_doctor",
    "kindergarten_teacher",
    "poet",
    "villain",
    "navy_seal",
    "army_medic",
    "surgeon",
    "paramedic",
    "police_officer",
    "florist",
    "librarian",
    "comedian",
    "french_person",
    "no_persona"
  ],
  "matrix": [
    [
      0.9999999403953552,
      0.9977090358734131,
      0.9970341324806213,
      0.9965412616729736,
      0.9951991438865662,
      0.9969005584716797,
      0.9959393739700317,
      0.9828780293464661,
      0.867418646812439,
      0.9790841341018677,
      0.995500385761261,
      0.992439866065979,
      0.994659960269928,
      0.9958126544952393,
      0.9961611032485962,
      0.9950834512710571,
      0.9958119988441467,
      0.9341937899589539,
      0.9845479130744934,
      0.9958933591842651
    ],
    [
      0.9977090358734131,
      1.0000004768371582,
      0.9978798031806946,
      0.9969605803489685,
      0.995194137096405,
      0.9971871376037598,
      0.996139645576477,
      0.9818730354309082,
      0.8689798712730408,
      0.979051411151886,
      0.9959039092063904,
      0.9921531081199646,
      0.9949386119842529,
      0.9963291883468628,
      0.9964084029197693,
      0.9949065446853638,
      0.9963245391845703,
      0.9330857396125793,
      0.9843080043792725,
      0.9959262609481812
    ],
    [
      0.9970341324806213,
      0.9978798031806946,
      1.0,
      0.9981372356414795,
      0.997062623500824,
      0.9973099231719971,
      0.9970723390579224,
      0.9831355214118958,
      0.8661699295043945,
      0.9769502282142639,
      0.9953747391700745,
      0.991154670715332,
      0.994499683380127,
      0.9965450167655945,
      0.9963381290435791,
      0.9950293302536011,
      0.9974104762077332,
      0.9327898025512695,
      0.9848179221153259,
      0.9971299171447754
    ],
    [
      0.9965412616729736,
      0.9969605803489685,
      0.9981372356414795,
      0.9999995827674866,
      0.9969648122787476,
      0.9976519346237183,
      0.9976019859313965,
      0.98177170753479,
      0.8640415072441101,
      0.9753981232643127,
      0.9952053427696228,
      0.991004228591919,
      0.9947556257247925,
      0.9968881607055664,
      0.9963928461074829,
      0.9941626191139221,
      0.9975160360336304,
      0.9289162158966064,
      0.9848760366439819,
      0.997380256652832
    ],
    [
      0.9951991438865662,
      0.995194137096405,
      0.997062623500824,
      0.9969648718833923,
      1.000000238418579,
      0.997560977935791,
      0.9974475502967834,
      0.9840204119682312,
      0.8652384877204895,
      0.9755858778953552,
      0.9944367408752441,
      0.9904747009277344,
      0.9935153722763062,
      0.9961580038070679,
      0.9965826272964478,
      0.9946754574775696,
      0.9978215098381042,
      0.9304416179656982,
      0.9854943156242371,
      0.9983222484588623
    ],
    [
      0.9969005584716797,
      0.9971871376037598,
      0.9973099231719971,
      0.9976519346237183,
      0.997560977935791,
      1.0000003576278687,
      0.9976354241371155,
      0.9847405552864075,
      0.8721850514411926,
      0.9792251586914062,
      0.9964333176612854,
      0.9927024841308594,
      0.9953640103340149,
      0.9975114464759827,
      0.9983247518539429,
      0.9964788556098938,
      0.998332142829895,
      0.9337009787559509,
      0.9866563677787781,
      0.9979040622711182
    ],
    [
      0.9959393739700317,
      0.996139645576477,
      0.9970723390579224,
      0.9976019859313965,
      0.9974475502967834,
      0.9976354837417603,
      1.0000003576278687,
      0.9833463430404663,
      0.8661265969276428,
      0.9761195182800293,
      0.9959721565246582,
      0.9928979873657227,
      0.9960983991622925,
      0.9980084300041199,
      0.9969155192375183,
      0.995265781879425,
      0.9977537393569946,
      0.9303779006004333,
      0.9855092167854309,
      0.9974902868270874
    ],
    [
      0.9828780293464661,
      0.9818730354309082,
      0.9831355214118958,
      0.98177170753479,
      0.984020471572876,
      0.9847405552864075,
      0.9833463430404663,
      0.9999997615814209,
      0.8781422972679138,
      0.970108151435852,
      0.9816005229949951,
      0.9815291166305542,
      0.9824559092521667,
      0.9844977259635925,
      0.9851802587509155,
      0.9879898428916931,
      0.9846257567405701,
      0.9539902210235596,
      0.9783405661582947,
      0.9838940501213074
    ],
    [
      0.867418646812439,
      0.8689798712730408,
      0.8661699295043945,
      0.8640415072441101,
      0.8652384877204895,
      0.8721850514411926,
      0.8661265969276428,
      0.8781422972679138,
      0.9999994039535522,
      0.8956946730613708,
      0.8721497654914856,
      0.8711575269699097,
      0.8688523769378662,
      0.868218183517456,
      0.8714872598648071,
      0.8738419413566589,
      0.868931770324707,
      0.8865578770637512,
      0.8726940751075745,
      0.8676369786262512
    ],
    [
      0.9790841341018677,
      0.979051411151886,
      0.9769501686096191,
      0.9753981232643127,
      0.9755858778953552,
      0.9792251586914062,
      0.9761195182800293,
      0.970108151435852,
      0.8956946730613708,
      1.0000004768371582,
      0.9809379577636719,
      0.9795446395874023,
      0.9776341915130615,
      0.9759848117828369,
      0.9791260361671448,
      0.9792510867118835,
      0.976021945476532,
      0.9495906233787537,
      0.973911464214325,
      0.9765369892120361
    ],
    [
      0.995500385761261,
      0.9959039092063904,
      0.9953747391700745,
      0.995205283164978,
      0.9944366216659546,
      0.9964333176612854,
      0.9959721565246582,
      0.9816004633903503,
      0.8721497654914856,
      0.9809379577636719,
      1.000000238418579,
      0.9955934882164001,
      0.9956747889518738,
      0.9964321255683899,
      0.9966527223587036,
      0.9944932460784912,
      0.9954189658164978,
      0.9337595105171204,
      0.9849731922149658,
      0.9947707653045654
    ],
    [
      0.992439866065979,
      0.9921531081199646,
      0.991154670715332,
      0.991004228591919,
      0.9904747009277344,
      0.9927024841308594,
      0.9928979873657227,
      0.9815291166305542,
      0.8711575269699097,
      0.9795446395874023,
      0.9955934882164001,
      1.0000001192092896,
      0.9952807426452637,
      0.9949856996536255,
      0.9938797950744629,
      0.993143618106842,
      0.9911653399467468,
      0.9352694153785706,
      0.9824415445327759,
      0.9907863736152649
    ],
    [
      0.994659960269928,
      0.9949386119842529,
      0.994499683380127,
      0.9947556257247925,
      0.9935153722763062,
      0.9953640103340149,
      0.9960983991622925,
      0.9824559092521667,
      0.8688523769378662,
      0.9776341915130615,
      0.9956747889518738,
      0.9952807426452637,
      1.0000004768371582,
      0.996820330619812,
      0.9957313537597656,
      0.9948438405990601,
      0.9942054152488708,
      0.9322910904884338,
      0.9841287732124329,
      0.993694543838501
    ],
    [
      0.9958126544952393,
      0.9963291883468628,
      0.9965450167655945,
      0.9968881607055664,
      0.9961580038070679,
      0.9975114464759827,
      0.9980084300041199,
      0.9844977259635925,
      0.868218183517456,
      0.9759848117828369,
      0.9964321255683899,
      0.9949856996536255,
      0.996820330619812,
      1.0000001192092896,
      0.9977222084999084,
      0.9960982799530029,
      0.9972928762435913,
      0.9330471158027649,
      0.9853037595748901,
      0.9962266087532043
    ],
    [
      0.9961611032485962,
      0.9964084029197693,
      0.9963381290435791,
      0.9963928461074829,
      0.9965826272964478,
      0.9983247518539429,
      0.9969155192375183,
      0.9851802587509155,
      0.8714872598648071,
      0.9791260361671448,
      0.9966527223587036,
      0.9938797950744629,
      0.9957313537597656,
      0.9977222084999084,
      1.0,
      0.9963497519493103,
      0.9974339604377747,
      0.9336296319961548,
      0.9867492914199829,
      0.99688321352005
    ],
    [
      0.9950834512710571,
      0.9949065446853638,
      0.9950293302536011,
      0.9941626191139221,
      0.9946754574775696,
      0.996478796005249,
      0.995265781879425,
      0.9879898428916931,
      0.8738419413566589,
      0.9792510867118835,
      0.9944932460784912,
      0.993143618106842,
      0.9948438405990601,
      0.9960982799530029,
      0.9963497519493103,
      0.9999997019767761,
      0.9956704378128052,
      0.9402369856834412,
      0.9865315556526184,
      0.9952490925788879
    ],
    [
      0.9958119988441467,
      0.9963245391845703,
      0.9974104762077332,
      0.9975160360336304,
      0.9978215098381042,
      0.998332142829895,
      0.9977537393569946,
      0.9846257567405701,
      0.868931770324707,
      0.976021945476532,
      0.9954189658164978,
      0.9911653399467468,
      0.9942054152488708,
      0.9972928762435913,
      0.9974339604377747,
      0.9956704378128052,
      1.000000238418579,
      0.9329326152801514,
      0.9864019155502319,
      0.9976708889007568
    ],
    [
      0.9341937899589539,
      0.9330857396125793,
      0.9327898025512695,
      0.9289162158966064,
      0.9304416179656982,
      0.9337009787559509,
      0.9303777813911438,
      0.9539902210235596,
      0.8865578770637512,
      0.9495906233787537,
      0.9337595105171204,
      0.9352694153785706,
      0.9322910904884338,
      0.9330471158027649,
      0.9336296319961548,
      0.9402369856834412,
      0.9329326152801514,
      1.0000001192092896,
      0.9372634291648865,
      0.9295927286148071
    ],
    [
      0.9845479130744934,
      0.9843080043792725,
      0.9848179221153259,
      0.9848760366439819,
      0.9854943156242371,
      0.9866564273834229,
      0.9855092167854309,
      0.9783406853675842,
      0.8726940751075745,
      0.973911464214325,
      0.9849731922149658,
      0.9824415445327759,
      0.9841287732124329,
      0.9853036999702454,
      0.9867492914199829,
      0.9865315556526184,
      0.9864019155502319,
      0.9372634291648865,
      1.0000005960464478,
      0.9860336184501648
    ],
    [
      0.9958933591842651,
      0.9959262609481812,
      0.9971299767494202,
      0.997380256652832,
      0.9983222484588623,
      0.9979040622711182,
      0.9974902868270874,
      0.9838940501213074,
      0.8676369786262512,
      0.9765369892120361,
      0.9947707653045654,
      0.9907863736152649,
      0.993694543838501,
      0.9962266087532043,
      0.9968833327293396,
      0.9952490925788879,
      0.9976708889007568,
      0.9295927286148071,
      0.9860336184501648,
      0.9999996423721313
    ]
  ]
}