{"cosine_matrix_l20": [[1.0, -0.0038663081359118223, 0.9194731712341309, 0.7523260712623596, 0.7232627272605896, -0.4049336314201355, -0.6383064389228821, -0.5476291179656982, 0.300538033246994, -0.4544367790222168, 0.573192834854126], [-0.0038663081359118223, 1.0000001192092896, -0.1000053659081459, -0.08341600745916367, 0.1706356257200241, 0.015181967057287693, -0.33101633191108704, -0.11299313604831696, 0.07585179060697556, -0.14076052606105804, -0.11917949467897415], [0.9194731712341309, -0.1000053659081459, 1.0000001192092896, 0.7849114537239075, 0.7180472612380981, -0.40650323033332825, -0.5941674113273621, -0.5795766711235046, 0.3088487982749939, -0.37473949790000916, 0.5321390628814697], [0.7523260712623596, -0.08341600745916367, 0.7849114537239075, 1.0, 0.5277842879295349, -0.38246285915374756, -0.5395334362983704, -0.6206550598144531, 0.5263786315917969, -0.2202201932668686, 0.38292941451072693], [0.7232627272605896, 0.1706356257200241, 0.7180472612380981, 0.5277842879295349, 0.9999999403953552, -0.214093416929245, -0.683533251285553, -0.4966464638710022, 0.2831449806690216, -0.4553494453430176, 0.47038349509239197], [-0.4049336314201355, 0.015181967057287693, -0.40650323033332825, -0.38246285915374756, -0.214093416929245, 1.0, 0.0074525028467178345, 0.01654074341058731, -0.1606917381286621, 0.16977329552173615, -0.3336406946182251], [-0.6383064389228821, -0.33101633191108704, -0.5941674113273621, -0.5395334362983704, -0.683533251285553, 0.0074525028467178345, 0.9999998807907104, 0.34526243805885315, -0.3065755069255829, 0.2875424027442932, -0.3953159749507904], [-0.5476291179656982, -0.11299313604831696, -0.5795766711235046, -0.6206550598144531, -0.4966464638710022, 0.01654074341058731, 0.34526243805885315, 0.9999998807907104, -0.4690706729888916, -0.15198317170143127, -0.30302780866622925], [0.300538033246994, 0.07585179060697556, 0.3088487982749939, 0.5263786315917969, 0.2831449806690216, -0.1606917381286621, -0.3065755069255829, -0.4690706729888916, 0.9999998211860657, -0.014486615546047688, -0.0904439389705658], [-0.4544367790222168, -0.14076052606105804, -0.37473949790000916, -0.2202201932668686, -0.4553494453430176, 0.16977329552173615, 0.2875424027442932, -0.15198317170143127, -0.014486615546047688, 0.9999998211860657, -0.4847995340824127], [0.573192834854126, -0.11917949467897415, 0.5321390628814697, 0.38292941451072693, 0.47038349509239197, -0.3336406946182251, -0.3953159749507904, -0.30302780866622925, -0.0904439389705658, -0.4847995340824127, 0.9999999403953552]], "persona_names": ["software_engineer", "kindergarten_teacher", "data_scientist", "medical_doctor", "librarian", "french_person", "villain", "comedian", "police_officer", "zelthari_scholar", "assistant"]}